object={
	name="rock_generator_1_0"
	clamp_to_water_level=no
	render_under_water=no
	generated_content=yes
	layer="rock_layer"
	pdxmesh="rock_Lshape_mesh"
	count=50
	transform="1388.148315 0.000000 116.985504 0.000000 0.995460 0.000000 -0.095181 0.512447 0.512447 0.512447
1424.294189 0.000000 1714.482178 0.000000 0.021055 0.000000 -0.999778 0.699640 0.699640 0.699640
1516.078613 0.000000 1699.366699 0.000000 0.723920 0.000000 -0.689884 0.597316 0.597316 0.597316
1636.446655 0.000000 1670.620239 0.000000 0.833081 0.000000 0.553151 0.424492 0.424492 0.424492
1661.118164 0.000000 1664.851074 0.000000 0.325777 0.000000 -0.945447 0.658987 0.658987 0.658987
1659.990967 0.000000 1707.448730 0.000000 0.978079 0.000000 -0.208235 0.528070 0.528070 0.528070
1659.694092 0.000000 1709.937012 0.000000 0.989567 0.000000 0.144073 0.480545 0.480545 0.480545
1615.299927 0.000000 1770.606934 0.000000 0.947836 0.000000 -0.318757 0.543331 0.543331 0.543331
1604.450562 0.000000 1766.596802 0.000000 0.594536 0.000000 0.804069 0.380133 0.380133 0.380133
1797.196655 0.000000 1806.184814 0.000000 0.453698 0.000000 0.891156 0.359684 0.359684 0.359684
1829.192749 0.000000 1806.184814 0.000000 0.286449 0.000000 -0.958096 0.663330 0.663330 0.663330
1825.226074 0.000000 1791.827637 0.000000 0.988771 0.000000 0.149437 0.480565 0.480565 0.480565
1802.264404 0.000000 1853.077881 0.000000 0.676644 0.000000 0.736311 0.393800 0.393800 0.393800
1804.043457 0.000000 1827.335449 0.000000 0.489914 0.000000 0.871771 0.364131 0.364131 0.364131
1866.256592 0.000000 1821.085693 0.000000 0.949353 0.000000 -0.314213 0.540856 0.540856 0.540856
1884.206543 0.000000 1808.667114 0.000000 0.669322 0.000000 -0.742972 0.607261 0.607261 0.607261
1891.261353 0.000000 1813.054565 0.000000 0.562820 0.000000 0.826580 0.373927 0.373927 0.373927
1876.747192 0.000000 1824.239014 0.000000 0.437971 0.000000 -0.898989 0.643116 0.643116 0.643116
1802.264404 0.000000 1885.070068 0.000000 0.948489 0.000000 -0.316810 0.541125 0.541125 0.541125
1883.113037 0.000000 1881.567383 0.000000 0.790095 0.000000 0.612984 0.415658 0.415658 0.415658
1893.184937 0.000000 1870.169189 0.000000 0.710559 0.000000 0.703638 0.400233 0.400233 0.400233
1872.239502 0.000000 1906.435303 0.000000 0.747577 0.000000 -0.664175 0.592849 0.592849 0.592849
1751.284180 0.000000 2121.187500 0.000000 0.991807 0.000000 -0.127749 0.516470 0.516470 0.516470
1740.051270 0.000000 2147.257324 0.000000 0.462498 0.000000 0.886620 0.360674 0.360674 0.360674
1770.268311 0.000000 2204.991943 0.000000 0.497047 0.000000 0.867724 0.365708 0.365708 0.365708
1925.181030 0.000000 2158.098877 0.000000 0.672717 0.000000 -0.739900 0.606259 0.606259 0.606259
1855.530396 0.000000 2215.795410 0.000000 0.142572 0.000000 -0.989784 0.682854 0.682854 0.682854
1883.113037 0.000000 2233.481445 0.000000 0.909511 0.000000 0.415679 0.444882 0.444882 0.444882
293.380188 0.000000 3565.755127 0.000000 0.142606 0.000000 -0.989780 0.688197 0.688197 0.688197
300.280975 0.000000 3572.141846 0.000000 0.443296 0.000000 -0.896375 0.646241 0.646241 0.646241
294.211304 0.000000 3561.882324 0.000000 0.867263 0.000000 -0.497849 0.569733 0.569733 0.569733
275.433563 0.000000 3607.375732 0.000000 0.706433 0.000000 0.707780 0.397915 0.397915 0.397915
272.638611 0.000000 3605.386719 0.000000 0.085167 0.000000 0.996367 0.304552 0.304552 0.304552
316.397797 0.000000 3600.229736 0.000000 0.961414 0.000000 -0.275107 0.536529 0.536529 0.536529
277.399231 0.000000 3619.371826 0.000000 0.460915 0.000000 0.887444 0.355268 0.355268 0.355268
331.376160 0.000000 3598.503418 0.000000 0.490988 0.000000 0.871166 0.361913 0.361913 0.361913
339.710297 0.000000 3594.437744 0.000000 0.973969 0.000000 0.226680 0.470143 0.470143 0.470143
328.410004 0.000000 3596.395508 0.000000 0.366105 0.000000 -0.930574 0.657651 0.657651 0.657651
928.111694 0.000000 3928.147217 0.000000 0.217161 0.000000 -0.976136 0.677528 0.677528 0.677528
4882.662598 0.000000 309.265411 0.000000 0.910186 0.000000 0.414200 0.510280 0.510280 0.510280
4874.832520 0.000000 315.574463 0.000000 0.709184 0.000000 0.705023 0.380645 0.380645 0.380645
4863.440430 0.000000 319.371521 0.000000 0.000546 0.000000 1.000000 0.299358 0.299358 0.299358
4876.971680 0.000000 309.971161 0.000000 0.106078 0.000000 -0.994358 0.974572 0.974572 0.974572
4875.022949 0.000000 312.085999 0.000000 0.016154 0.000000 -0.999870 0.818291 0.818291 0.818291
4882.752441 0.000000 333.720062 0.000000 0.163322 0.000000 0.986573 0.300168 0.300168 0.300168
4867.820801 0.000000 333.292267 0.000000 0.303785 0.000000 0.952741 0.385930 0.385930 0.385930
4886.119141 0.000000 369.654694 0.000000 0.096504 0.000000 -0.995333 0.970847 0.970847 0.970847
4887.904785 0.000000 368.903687 0.000000 0.993485 0.000000 0.113966 0.636761 0.636761 0.636761
4887.532715 0.000000 365.394592 0.000000 0.314152 0.000000 0.949373 0.308826 0.308826 0.308826
4880.602051 0.000000 371.581787 0.000000 0.979855 0.000000 -0.199708 0.957600 0.957600 0.957600
"}
object={
	name="rock_generator_1_1"
	clamp_to_water_level=no
	render_under_water=no
	generated_content=yes
	layer="rock_layer"
	pdxmesh="rock_jagged_mesh"
	count=20
	transform="1500.253418 0.000000 113.081207 0.000000 0.860089 0.000000 0.510144 0.425689 0.425689 0.425689
1372.269043 0.000000 1744.682739 0.000000 0.977015 0.000000 -0.213168 0.527512 0.527512 0.527512
1397.074219 0.000000 1742.981689 0.000000 0.682385 0.000000 0.730993 0.394190 0.394190 0.394190
1460.797974 0.000000 1696.270264 0.000000 0.859842 0.000000 0.510560 0.430839 0.430839 0.430839
1668.442749 0.000000 1670.620239 0.000000 0.965051 0.000000 0.262062 0.465908 0.465908 0.465908
1847.272461 0.000000 1865.250000 0.000000 0.196601 0.000000 0.980484 0.324511 0.324511 0.324511
1852.210449 0.000000 1872.651489 0.000000 0.558735 0.000000 0.829346 0.374753 0.374753 0.374753
1898.252686 0.000000 1885.070068 0.000000 0.984449 0.000000 -0.175672 0.522528 0.522528 0.522528
1738.272217 0.000000 2077.023193 0.000000 0.940914 0.000000 0.338646 0.455926 0.455926 0.455926
1740.051270 0.000000 2083.272949 0.000000 0.281695 0.000000 0.959504 0.334433 0.334433 0.334433
1737.794434 0.000000 2152.655762 0.000000 0.982777 0.000000 0.184794 0.475964 0.475964 0.475964
1752.571045 0.000000 2179.948242 0.000000 0.919448 0.000000 -0.393211 0.552262 0.552262 0.552262
1911.264648 0.000000 2153.179688 0.000000 0.600554 0.000000 -0.799584 0.618441 0.618441 0.618441
261.384094 0.000000 3565.755127 0.000000 0.998305 0.000000 -0.058199 0.507429 0.507429 0.507429
320.185883 0.000000 3576.233154 0.000000 0.856663 0.000000 0.515877 0.428415 0.428415 0.428415
253.289932 0.000000 3584.382324 0.000000 0.695710 0.000000 -0.718323 0.602836 0.602836 0.602836
318.073792 0.000000 3588.084717 0.000000 0.860125 0.000000 0.510083 0.429975 0.429975 0.429975
321.409607 0.000000 3583.390137 0.000000 0.746283 0.000000 -0.665629 0.593280 0.593280 0.593280
4884.648926 0.000000 367.317596 0.000000 0.020029 0.000000 -0.999799 0.704806 0.704806 0.704806
4878.057617 0.000000 364.084930 0.000000 0.079851 0.000000 0.996807 0.287842 0.287842 0.287842
"}
object={
	name="rock_generator_1_2"
	clamp_to_water_level=no
	render_under_water=no
	generated_content=yes
	layer="rock_layer"
	pdxmesh="rock_jagged_2_mesh"
	count=58
	transform="1386.426514 0.000000 114.513344 0.000000 0.633799 0.000000 0.773498 0.380116 0.380116 0.380116
1389.246338 0.000000 115.679863 0.000000 0.864514 0.000000 -0.502609 0.575333 0.575333 0.575333
1443.586548 0.000000 89.095284 0.000000 0.390497 0.000000 0.920604 0.339691 0.339691 0.339691
1506.118286 0.000000 111.848602 0.000000 0.968948 0.000000 -0.247265 0.534807 0.534807 0.534807
1512.874146 0.000000 111.530624 0.000000 0.983500 0.000000 0.180907 0.475295 0.475295 0.475295
1507.314087 0.000000 110.292740 0.000000 0.965794 0.000000 -0.259310 0.536541 0.536541 0.536541
1511.143921 0.000000 110.815506 0.000000 0.821323 0.000000 0.570463 0.411945 0.411945 0.411945
1376.119385 0.000000 1745.947144 0.000000 0.719100 0.000000 -0.694906 0.599164 0.599164 0.599164
1519.311646 0.000000 1706.622559 0.000000 0.164291 0.000000 0.986412 0.318908 0.318908 0.318908
1435.167725 0.000000 1753.598633 0.000000 0.123730 0.000000 0.992316 0.314711 0.314711 0.314711
1430.671631 0.000000 1748.481079 0.000000 0.093967 0.000000 0.995575 0.310139 0.310139 0.310139
1655.128174 0.000000 1697.824341 0.000000 0.564599 0.000000 -0.825365 0.629672 0.629672 0.629672
1588.276978 0.000000 1788.640625 0.000000 0.958249 0.000000 -0.285935 0.537284 0.537284 0.537284
1665.245605 0.000000 1663.858887 0.000000 0.796867 0.000000 -0.604155 0.583243 0.583243 0.583243
1802.264404 0.000000 1821.085693 0.000000 0.049484 0.000000 0.998775 0.304784 0.304784 0.304784
1797.196655 0.000000 1838.177002 0.000000 0.468823 0.000000 0.883292 0.361588 0.361588 0.361588
1834.260498 0.000000 1853.077881 0.000000 0.049304 0.000000 -0.998784 0.694480 0.694480 0.694480
1851.116943 0.000000 1849.575195 0.000000 0.282752 0.000000 -0.959193 0.665104 0.665104 0.665104
1849.053345 0.000000 1853.788452 0.000000 0.634534 0.000000 -0.772895 0.614462 0.614462 0.614462
1861.188843 0.000000 1806.184814 0.000000 0.984826 0.000000 0.173543 0.477704 0.477704 0.477704
1887.994507 0.000000 1816.662720 0.000000 0.998232 0.000000 0.059434 0.492369 0.492369 0.492369
1898.252686 0.000000 1853.077881 0.000000 0.744156 0.000000 -0.668006 0.593323 0.593323 0.593323
1893.184937 0.000000 1838.177002 0.000000 0.210358 0.000000 -0.977624 0.673354 0.673354 0.673354
1797.196655 0.000000 1870.169189 0.000000 0.279955 0.000000 -0.960013 0.664193 0.664193 0.664193
1804.043457 0.000000 1859.327637 0.000000 0.506697 0.000000 -0.862124 0.633125 0.633125 0.633125
1831.661133 0.000000 1877.740845 0.000000 0.287738 0.000000 0.957709 0.335565 0.335565 0.335565
1861.188843 0.000000 1870.169189 0.000000 0.999635 0.000000 0.027032 0.496538 0.496538 0.496538
1887.526489 0.000000 1863.881348 0.000000 0.162452 0.000000 -0.986716 0.680278 0.680278 0.680278
1868.035645 0.000000 1891.319824 0.000000 0.083393 0.000000 -0.996517 0.690484 0.690484 0.690484
1743.284302 0.000000 2154.513184 0.000000 0.984526 0.000000 -0.175238 0.522648 0.522648 0.522648
1753.049438 0.000000 2175.634033 0.000000 0.685984 0.000000 0.727616 0.394014 0.394014 0.394014
1772.047363 0.000000 2211.241699 0.000000 0.600012 0.000000 0.799991 0.380315 0.380315 0.380315
1921.214355 0.000000 2143.741699 0.000000 0.990898 0.000000 -0.134615 0.517360 0.517360 0.517360
1884.206543 0.000000 2192.573486 0.000000 0.896114 0.000000 0.443824 0.441104 0.441104 0.441104
1902.920898 0.000000 2200.704102 0.000000 0.864264 0.000000 -0.503038 0.568825 0.568825 0.568825
1879.268555 0.000000 2217.164062 0.000000 0.534705 0.000000 -0.845039 0.629928 0.629928 0.629928
1887.994507 0.000000 2232.561279 0.000000 0.984992 0.000000 0.172599 0.477740 0.477740 0.477740
1887.526489 0.000000 2247.787598 0.000000 0.929935 0.000000 0.367723 0.451679 0.451679 0.451679
1880.555420 0.000000 2243.932617 0.000000 0.841596 0.000000 -0.540107 0.574356 0.574356 0.574356
292.073273 0.000000 3560.554443 0.000000 0.965616 0.000000 -0.259973 0.535849 0.535849 0.535849
272.434692 0.000000 3602.021240 0.000000 0.400696 0.000000 -0.916211 0.651267 0.651267 0.651267
316.408539 0.000000 3604.731201 0.000000 0.773218 0.000000 -0.634140 0.590202 0.590202 0.590202
276.942444 0.000000 3615.801514 0.000000 0.161050 0.000000 -0.986946 0.681515 0.681515 0.681515
343.455933 0.000000 3592.828125 0.000000 0.694658 0.000000 -0.719340 0.602823 0.602823 0.602823
325.376282 0.000000 3597.747314 0.000000 0.930446 0.000000 -0.366428 0.548049 0.548049 0.548049
929.335388 0.000000 3935.304199 0.000000 0.325440 0.000000 -0.945563 0.659033 0.659033 0.659033
4862.726074 0.000000 319.936005 0.000000 0.977623 0.000000 0.210364 0.557724 0.557724 0.557724
4875.722656 0.000000 308.938629 0.000000 0.766813 0.000000 0.641870 0.409350 0.409350 0.409350
4883.375000 0.000000 306.554749 0.000000 0.976686 0.000000 0.214672 0.589717 0.589717 0.589717
4876.875977 0.000000 308.882629 0.000000 0.538019 0.000000 0.842933 0.452550 0.452550 0.452550
4868.822266 0.000000 334.544189 0.000000 0.395002 0.000000 -0.918680 0.665163 0.665163 0.665163
4880.933594 0.000000 332.341736 0.000000 0.966989 0.000000 0.254817 0.685789 0.685789 0.685789
4868.927246 0.000000 332.503815 0.000000 0.720930 0.000000 0.693008 0.385502 0.385502 0.385502
4872.958984 0.000000 345.789154 0.000000 0.624470 0.000000 0.781049 0.714685 0.714685 0.714685
4880.198730 0.000000 333.452911 0.000000 0.391785 0.000000 0.920057 0.469259 0.469259 0.469259
4878.901855 0.000000 362.950623 0.000000 0.957782 0.000000 0.287497 0.461852 0.461852 0.461852
4881.830078 0.000000 370.253845 0.000000 0.983911 0.000000 -0.178659 0.951458 0.951458 0.951458
4885.133789 0.000000 368.639008 0.000000 0.239974 0.000000 -0.970779 0.698330 0.698330 0.698330
"}
object={
	name="rock_generator_1_3"
	clamp_to_water_level=no
	render_under_water=no
	generated_content=yes
	layer="rock_layer"
	pdxmesh="rock_M_mesh"
	count=55
	transform="1375.978760 0.000000 100.194183 0.000000 0.847279 0.000000 0.531148 0.424231 0.424231 0.424231
1376.023071 0.000000 103.060638 0.000000 0.351707 0.000000 -0.936110 0.665733 0.665733 0.665733
1440.049194 0.000000 89.084610 0.000000 0.195502 0.000000 -0.980703 0.692098 0.692098 0.692098
1511.842651 0.000000 113.777313 0.000000 0.945772 0.000000 0.324831 0.455234 0.455234 0.455234
1487.315552 0.000000 139.005310 0.000000 0.910629 0.000000 -0.413225 0.563173 0.563173 0.563173
1485.460449 0.000000 139.344528 0.000000 0.926965 0.000000 -0.375147 0.639611 0.639611 0.639611
1483.219360 0.000000 138.274170 0.000000 0.502311 0.000000 0.864687 0.342815 0.342815 0.342815
1381.247437 0.000000 1742.200439 0.000000 0.803446 0.000000 0.595378 0.417527 0.417527 0.417527
1431.323242 0.000000 1705.289062 0.000000 0.763745 0.000000 -0.645518 0.589519 0.589519 0.589519
1423.323364 0.000000 1706.622559 0.000000 0.383176 0.000000 -0.923675 0.651402 0.651402 0.651402
1522.691406 0.000000 1702.003540 0.000000 0.902375 0.000000 0.430951 0.442381 0.442381 0.442381
1468.014404 0.000000 1739.440918 0.000000 0.933125 0.000000 0.359551 0.452345 0.452345 0.452345
1641.806152 0.000000 1672.773071 0.000000 0.975208 0.000000 -0.221290 0.528801 0.528801 0.528801
1655.295898 0.000000 1705.289062 0.000000 0.669051 0.000000 0.743217 0.393110 0.393110 0.393110
1657.019653 0.000000 1710.292114 0.000000 0.985661 0.000000 0.168735 0.477227 0.477227 0.477227
1663.943604 0.000000 1699.803589 0.000000 0.195753 0.000000 -0.980653 0.682116 0.682116 0.682116
1593.068970 0.000000 1791.727783 0.000000 0.995146 0.000000 -0.098413 0.512994 0.512994 0.512994
1821.098633 0.000000 1792.819824 0.000000 0.492070 0.000000 -0.870556 0.636342 0.636342 0.636342
1847.272461 0.000000 1801.265625 0.000000 0.990563 0.000000 0.137058 0.482425 0.482425 0.482425
1852.210449 0.000000 1808.667114 0.000000 0.844881 0.000000 0.534955 0.427709 0.427709 0.427709
1815.276367 0.000000 1833.257812 0.000000 0.970389 0.000000 0.241549 0.468816 0.468816 0.468816
1829.192749 0.000000 1838.177002 0.000000 0.541679 0.000000 0.840586 0.372635 0.372635 0.372635
1888.056885 0.000000 1809.931519 0.000000 0.862077 0.000000 0.506778 0.431539 0.431539 0.431539
1855.998413 0.000000 1848.654907 0.000000 0.004889 0.000000 -0.999988 0.700550 0.700550 0.700550
1834.260498 0.000000 1885.070068 0.000000 0.326200 0.000000 0.945301 0.341689 0.341689 0.341689
1851.116943 0.000000 1881.567383 0.000000 0.796054 0.000000 0.605226 0.416909 0.416909 0.416909
1824.002319 0.000000 1880.647095 0.000000 0.741627 0.000000 -0.670813 0.593989 0.593989 0.593989
1839.272583 0.000000 1866.583496 0.000000 0.846746 0.000000 0.531997 0.427876 0.427876 0.427876
1833.782715 0.000000 1864.726196 0.000000 0.632486 0.000000 0.774572 0.385859 0.385859 0.385859
1861.188843 0.000000 1902.161377 0.000000 0.769211 0.000000 -0.638995 0.588606 0.588606 0.588606
1876.747192 0.000000 1888.223389 0.000000 0.772047 0.000000 0.635566 0.411791 0.411791 0.411791
1719.288086 0.000000 2089.195312 0.000000 0.868014 0.000000 0.496540 0.433323 0.433323 0.433323
1711.288208 0.000000 2090.528809 0.000000 0.523327 0.000000 -0.852132 0.631659 0.631659 0.631659
1751.284180 0.000000 2089.195312 0.000000 0.941711 0.000000 -0.336423 0.543773 0.543773 0.543773
1746.664062 0.000000 2085.909668 0.000000 0.530469 0.000000 -0.847704 0.630574 0.630574 0.630574
1755.128662 0.000000 2169.497070 0.000000 0.866542 0.000000 0.499105 0.433074 0.433074 0.433074
1748.257446 0.000000 2172.546875 0.000000 0.126578 0.000000 -0.991957 0.685643 0.685643 0.685643
1748.762817 0.000000 2176.153076 0.000000 0.964803 0.000000 -0.262975 0.534214 0.534214 0.534214
1761.233887 0.000000 2175.733887 0.000000 0.898141 0.000000 -0.439707 0.558422 0.558422 0.558422
1853.094727 0.000000 2208.718262 0.000000 0.685820 0.000000 -0.727772 0.604795 0.604795 0.604795
1885.090820 0.000000 2176.726074 0.000000 0.385629 0.000000 -0.922654 0.651060 0.651060 0.651060
1883.963623 0.000000 2187.331543 0.000000 0.995822 0.000000 0.091320 0.488083 0.488083 0.488083
1900.031738 0.000000 2211.241699 0.000000 0.689142 0.000000 -0.724626 0.604207 0.604207 0.604207
251.312134 0.000000 3577.153320 0.000000 0.688897 0.000000 -0.724859 0.603845 0.603845 0.603845
254.663605 0.000000 3581.019287 0.000000 0.156795 0.000000 -0.987631 0.684893 0.684893 0.684893
311.459839 0.000000 3560.835938 0.000000 0.795834 0.000000 0.605515 0.414264 0.414264 0.414264
304.430786 0.000000 3570.029053 0.000000 0.417685 0.000000 -0.908592 0.647413 0.647413 0.647413
323.723206 0.000000 3576.243652 0.000000 0.600977 0.000000 0.799266 0.378389 0.378389 0.378389
308.938568 0.000000 3583.809326 0.000000 0.576813 0.000000 0.816876 0.375179 0.375179 0.375179
335.456055 0.000000 3594.161621 0.000000 0.708788 0.000000 -0.705422 0.601065 0.601065 0.601065
4874.503906 0.000000 313.476562 0.000000 0.966324 0.000000 -0.257327 0.595730 0.595730 0.595730
4866.904297 0.000000 334.238037 0.000000 0.053111 0.000000 0.998589 0.276833 0.276833 0.276833
4881.386230 0.000000 333.573730 0.000000 0.875030 0.000000 -0.484068 0.867217 0.867217 0.867217
4879.166992 0.000000 364.795410 0.000000 0.765011 0.000000 -0.644017 0.651436 0.651436 0.651436
4886.990234 0.000000 363.272003 0.000000 0.795238 0.000000 -0.606297 0.707169 0.707169 0.707169
"}
object={
	name="rock_generator_1_4"
	clamp_to_water_level=no
	render_under_water=no
	generated_content=yes
	layer="rock_layer"
	pdxmesh="rock_L_mesh"
	count=99
	transform="1374.848999 0.000000 98.800095 0.000000 0.893472 0.000000 -0.449119 0.565817 0.565817 0.565817
1389.108032 0.000000 113.988960 0.000000 0.031358 0.000000 0.999508 0.287852 0.287852 0.287852
1375.907349 0.000000 98.073616 0.000000 0.119403 0.000000 -0.992846 0.705048 0.705048 0.705048
1509.231812 0.000000 110.598869 0.000000 0.374166 0.000000 -0.927362 0.668364 0.668364 0.668364
1506.820801 0.000000 113.536621 0.000000 0.149629 0.000000 -0.988742 0.704284 0.704284 0.704284
1482.064209 0.000000 139.506927 0.000000 0.950276 0.000000 0.311408 0.455078 0.455078 0.455078
1484.399292 0.000000 138.662186 0.000000 0.980751 0.000000 0.195265 0.535314 0.535314 0.535314
1463.319336 0.000000 1705.289062 0.000000 0.996797 0.000000 0.079968 0.489727 0.489727 0.489727
1452.086426 0.000000 1699.366699 0.000000 0.907844 0.000000 -0.419309 0.555307 0.555307 0.555307
1428.296509 0.000000 1756.648438 0.000000 0.890725 0.000000 -0.454543 0.560786 0.560786 0.560786
1611.219971 0.000000 1646.979980 0.000000 0.710200 0.000000 -0.704000 0.601002 0.601002 0.601002
1583.335083 0.000000 1694.632202 0.000000 0.613879 0.000000 -0.789400 0.617433 0.617433 0.617433
1653.231323 0.000000 1699.840454 0.000000 0.701118 0.000000 0.713045 0.394962 0.394962 0.394962
1593.084595 0.000000 1789.804077 0.000000 0.366633 0.000000 0.930366 0.340335 0.340335 0.340335
1614.044189 0.000000 1773.411621 0.000000 0.996355 0.000000 -0.085299 0.511386 0.511386 0.511386
1827.952148 0.000000 1789.547241 0.000000 0.908375 0.000000 -0.418157 0.555683 0.555683 0.555683
1815.276367 0.000000 1801.265625 0.000000 0.891710 0.000000 0.452608 0.439963 0.439963 0.439963
1819.120850 0.000000 1817.583008 0.000000 0.757003 0.000000 0.653411 0.408979 0.408979 0.408979
1808.247314 0.000000 1810.458740 0.000000 0.585181 0.000000 -0.810903 0.621118 0.621118 0.621118
1831.117676 0.000000 1792.031006 0.000000 0.275661 0.000000 -0.961255 0.667666 0.667666 0.667666
1893.184937 0.000000 1806.184814 0.000000 0.146650 0.000000 0.989188 0.317673 0.317673 0.317673
1895.653320 0.000000 1813.756470 0.000000 0.986721 0.000000 0.162427 0.479024 0.479024 0.479024
1866.256592 0.000000 1853.077881 0.000000 0.236749 0.000000 -0.971571 0.670232 0.670232 0.670232
1879.268555 0.000000 1833.257812 0.000000 0.484147 0.000000 0.874987 0.363816 0.363816 0.363816
1861.188843 0.000000 1838.177002 0.000000 0.993847 0.000000 0.110762 0.485841 0.485841 0.485841
1868.035645 0.000000 1827.335449 0.000000 0.651092 0.000000 0.758999 0.389630 0.389630 0.389630
1872.239502 0.000000 1842.450928 0.000000 0.950240 0.000000 -0.311520 0.540493 0.540493 0.540493
1815.276367 0.000000 1865.250000 0.000000 0.696054 0.000000 0.717989 0.397825 0.397825 0.397825
1808.247314 0.000000 1874.443115 0.000000 0.649975 0.000000 -0.759956 0.610343 0.610343 0.610343
1820.214355 0.000000 1872.651489 0.000000 0.870852 0.000000 -0.491545 0.565812 0.565812 0.565812
1829.192749 0.000000 1870.169189 0.000000 0.520700 0.000000 -0.853740 0.631801 0.631801 0.631801
1836.039551 0.000000 1859.327637 0.000000 0.034225 0.000000 0.999414 0.303208 0.303208 0.303208
1840.243408 0.000000 1874.443115 0.000000 0.980746 0.000000 -0.195289 0.525222 0.525222 0.525222
1844.751099 0.000000 1856.231201 0.000000 0.826675 0.000000 0.562679 0.422416 0.422416 0.422416
1855.530396 0.000000 1863.881348 0.000000 0.022530 0.000000 -0.999746 0.698291 0.698291 0.698291
1828.423218 0.000000 1862.573364 0.000000 0.891197 0.000000 -0.453616 0.560417 0.560417 0.560417
1824.064697 0.000000 1873.915894 0.000000 0.293696 0.000000 0.955899 0.336366 0.336366 0.336366
1835.192627 0.000000 1870.925293 0.000000 0.707167 0.000000 -0.707047 0.601166 0.601166 0.601166
1847.272461 0.000000 1897.242188 0.000000 0.870974 0.000000 0.491329 0.434348 0.434348 0.434348
1866.256592 0.000000 1885.070068 0.000000 0.832350 0.000000 -0.554251 0.575238 0.575238 0.575238
1868.035645 0.000000 1859.327637 0.000000 0.823601 0.000000 0.567169 0.422914 0.422914 0.422914
1855.998413 0.000000 1880.647095 0.000000 0.267227 0.000000 -0.963634 0.666206 0.666206 0.666206
1887.994507 0.000000 1880.647095 0.000000 0.937119 0.000000 -0.349010 0.545660 0.545660 0.545660
1889.218262 0.000000 1855.812012 0.000000 0.937365 0.000000 0.348350 0.454430 0.454430 0.454430
1879.268555 0.000000 1897.242188 0.000000 0.261616 0.000000 0.965172 0.333050 0.333050 0.333050
1708.055176 0.000000 2083.272949 0.000000 0.889183 0.000000 -0.457552 0.560747 0.560747 0.560747
1748.762817 0.000000 2080.176514 0.000000 0.939116 0.000000 -0.343600 0.545096 0.545096 0.545096
1744.255127 0.000000 2130.380615 0.000000 0.368403 0.000000 0.929666 0.347442 0.347442 0.347442
1749.031250 0.000000 2126.887939 0.000000 0.365328 0.000000 0.930879 0.345227 0.345227 0.345227
1733.204468 0.000000 2158.098877 0.000000 0.730580 0.000000 -0.682827 0.595888 0.595888 0.595888
1759.542114 0.000000 2183.803223 0.000000 0.029614 0.000000 0.999561 0.300693 0.300693 0.300693
1757.106445 0.000000 2176.726074 0.000000 0.030565 0.000000 -0.999533 0.699569 0.699569 0.699569
1764.431030 0.000000 2182.495117 0.000000 0.371633 0.000000 0.928380 0.347292 0.347292 0.347292
1836.039551 0.000000 2211.241699 0.000000 1.000000 0.000000 0.000915 0.499883 0.499883 0.499883
1876.241821 0.000000 2204.539062 0.000000 0.963101 0.000000 0.269141 0.465032 0.465032 0.465032
1908.237915 0.000000 2204.539062 0.000000 0.546903 0.000000 0.837196 0.371944 0.371944 0.371944
1866.256592 0.000000 2236.984131 0.000000 0.871800 0.000000 -0.489863 0.565309 0.565309 0.565309
1908.743286 0.000000 2208.145264 0.000000 0.522919 0.000000 -0.852382 0.630956 0.630956 0.630956
1879.268555 0.000000 2249.156250 0.000000 0.994294 0.000000 -0.106677 0.513688 0.513688 0.513688
1876.747192 0.000000 2240.137451 0.000000 0.695748 0.000000 0.718286 0.395770 0.395770 0.395770
1889.218262 0.000000 2239.718262 0.000000 0.639224 0.000000 -0.769020 0.613235 0.613235 0.613235
252.405594 0.000000 3568.237549 0.000000 0.149945 0.000000 -0.988694 0.683673 0.683673 0.683673
256.255951 0.000000 3569.501709 0.000000 0.737148 0.000000 -0.675732 0.596877 0.596877 0.596877
256.291138 0.000000 3564.436035 0.000000 0.022478 0.000000 0.999747 0.298997 0.298997 0.298997
319.717834 0.000000 3559.467285 0.000000 0.678766 0.000000 -0.734354 0.608712 0.608712 0.608712
292.610687 0.000000 3558.159180 0.000000 0.671615 0.000000 0.740900 0.390010 0.390010 0.390010
308.433105 0.000000 3580.203125 0.000000 0.775122 0.000000 0.631812 0.410876 0.410876 0.410876
297.970123 0.000000 3560.312012 0.000000 0.113905 0.000000 -0.993492 0.689102 0.689102 0.689102
318.073792 0.000000 3556.092529 0.000000 0.909254 0.000000 -0.416241 0.556162 0.556162 0.556162
291.339417 0.000000 3563.366943 0.000000 0.825725 0.000000 0.564073 0.420402 0.420402 0.420402
257.417389 0.000000 3583.390137 0.000000 0.192171 0.000000 -0.981361 0.676410 0.676410 0.676410
319.717834 0.000000 3591.459473 0.000000 0.999020 0.000000 -0.044257 0.505725 0.505725 0.505725
317.282135 0.000000 3584.382324 0.000000 0.992121 0.000000 -0.125281 0.516213 0.516213 0.516213
274.843689 0.000000 3621.534668 0.000000 0.993962 0.000000 0.109726 0.485782 0.485782 0.485782
320.107605 0.000000 3587.342529 0.000000 0.582737 0.000000 0.812661 0.374944 0.374944 0.374944
932.061462 0.000000 3933.023926 0.000000 0.412484 0.000000 0.910965 0.352133 0.352133 0.352133
959.639709 0.000000 3943.373535 0.000000 0.907767 0.000000 0.419475 0.442832 0.442832 0.442832
943.381897 0.000000 3946.075684 0.000000 0.182559 0.000000 0.983195 0.321990 0.321990 0.321990
946.761719 0.000000 3941.456543 0.000000 0.029832 0.000000 0.999555 0.301106 0.301106 0.301106
935.226990 0.000000 3935.507568 0.000000 0.758685 0.000000 -0.651458 0.592108 0.592108 0.592108
942.705688 0.000000 3942.037354 0.000000 0.906312 0.000000 0.422608 0.442485 0.442485 0.442485
4862.101562 0.000000 317.816162 0.000000 0.827403 0.000000 -0.561609 0.582924 0.582924 0.582924
4856.891602 0.000000 311.066376 0.000000 1.000000 0.000000 -0.000449 0.500061 0.500061 0.500061
4860.869141 0.000000 319.354248 0.000000 0.963286 0.000000 -0.268477 0.538612 0.538612 0.538612
4858.224609 0.000000 312.235535 0.000000 0.805121 0.000000 0.593110 0.406321 0.406321 0.406321
4862.798828 0.000000 319.302216 0.000000 0.146291 0.000000 0.989242 0.327181 0.327181 0.327181
4863.471680 0.000000 317.486816 0.000000 0.272943 0.000000 0.962030 0.320011 0.320011 0.320011
4882.970215 0.000000 307.953064 0.000000 0.961962 0.000000 0.273182 0.577552 0.577552 0.577552
4883.906250 0.000000 309.335785 0.000000 0.985987 0.000000 0.166819 0.558833 0.558833 0.558833
4866.781250 0.000000 332.156097 0.000000 0.585428 0.000000 0.810724 0.450971 0.450971 0.450971
4873.449219 0.000000 344.432007 0.000000 0.618678 0.000000 -0.785645 1.287668 1.287668 1.287668
4883.848145 0.000000 330.159729 0.000000 0.666884 0.000000 0.745161 0.587334 0.587334 0.587334
4867.865234 0.000000 332.199493 0.000000 0.408227 0.000000 0.912880 0.408897 0.408897 0.408897
4881.761719 0.000000 331.524445 0.000000 0.925520 0.000000 0.378699 0.876372 0.876372 0.876372
4886.082520 0.000000 364.610657 0.000000 0.678540 0.000000 -0.734563 0.626054 0.626054 0.626054
4881.590332 0.000000 371.688873 0.000000 0.154506 0.000000 0.987992 0.494441 0.494441 0.494441
4876.814453 0.000000 364.671143 0.000000 0.409571 0.000000 0.912278 0.355647 0.355647 0.355647
4886.283691 0.000000 368.587463 0.000000 0.729292 0.000000 -0.684203 0.819273 0.819273 0.819273
4880.780273 0.000000 370.179779 0.000000 0.645628 0.000000 0.763652 0.651064 0.651064 0.651064
"}
