object={
	name="tree_cypress_generator_1_0"
	clamp_to_water_level=no
	render_under_water=no
	generated_content=yes
	layer="tree_layer"
	pdxmesh="tree_cypress_01_mesh"
	count=12
	transform="3676.872070 0.000000 1888.796387 0.000000 0.938086 0.000000 0.346402 0.763969 0.763969 0.763969
3672.815186 0.000000 1887.704346 0.000000 0.892313 0.000000 -0.451418 0.847706 0.847706 0.847706
1015.248474 0.000000 3960.756592 0.000000 0.933301 0.000000 -0.359094 0.837413 0.837413 0.837413
1017.359985 0.000000 3958.175781 0.000000 0.879482 0.000000 -0.475932 0.850525 0.850525 0.850525
1013.935791 0.000000 3958.415527 0.000000 0.962497 0.000000 -0.271292 0.827984 0.827984 0.827984
1015.699341 0.000000 3958.990723 0.000000 0.743812 0.000000 0.668389 1.088153 1.088153 1.088153
1012.975220 0.000000 3959.871582 0.000000 0.417428 0.000000 -0.908710 0.916138 0.916138 0.916138
1014.210510 0.000000 3961.969482 0.000000 0.602331 0.000000 0.798247 0.705844 0.705844 0.705844
1015.179443 0.000000 3957.676758 0.000000 0.629357 0.000000 0.777116 0.709338 0.709338 0.709338
1014.379150 0.000000 3959.737793 0.000000 0.947307 0.000000 -0.320327 1.249821 1.249821 1.249821
1014.795532 0.000000 3958.805176 0.000000 0.245091 0.000000 0.969500 0.997833 0.997833 0.997833
1015.255493 0.000000 3959.766357 0.000000 0.465345 0.000000 -0.885129 1.366047 1.366047 1.366047
"}
