object={
	name="tree_africa_generator_1_0"
	clamp_to_water_level=no
	render_under_water=no
	generated_content=yes
	layer="tree_layer"
	pdxmesh="tree_olive_01_mesh"
	count=578
	transform="2538.174561 0.000000 1405.187256 0.000000 0.303078 0.000000 0.952966 0.448511 0.448511 0.448511
2544.157471 0.000000 1394.560303 0.000000 0.514079 0.000000 -0.857743 0.996100 0.996100 0.996100
2550.535156 0.000000 1396.567017 0.000000 0.981803 0.000000 -0.189901 0.795613 0.795613 0.795613
2542.842773 0.000000 1400.899414 0.000000 0.681761 0.000000 0.731575 0.554089 0.554089 0.554089
2391.206055 0.000000 1449.351562 0.000000 0.653907 0.000000 0.756575 0.545153 0.545153 0.545153
2399.464111 0.000000 1447.982910 0.000000 0.034047 0.000000 0.999420 0.383130 0.383130 0.383130
2410.190186 0.000000 1469.171631 0.000000 0.047867 0.000000 0.998854 0.386432 0.386432 0.386432
2423.202148 0.000000 1449.351562 0.000000 0.698124 0.000000 0.715977 0.559486 0.559486 0.559486
2405.122559 0.000000 1454.270752 0.000000 0.132529 0.000000 -0.991179 1.093268 1.093268 1.093268
2427.046631 0.000000 1465.668945 0.000000 0.990688 0.000000 0.136149 0.717396 0.717396 0.717396
2416.173096 0.000000 1458.544678 0.000000 0.147930 0.000000 0.988998 0.410446 0.410446 0.410446
2428.140137 0.000000 1456.753052 0.000000 0.979583 0.000000 0.201042 0.701675 0.701675 0.701675
2415.202393 0.000000 1450.685059 0.000000 0.767858 0.000000 -0.640620 0.915992 0.915992 0.915992
2404.353027 0.000000 1446.674927 0.000000 0.958620 0.000000 -0.284688 0.818917 0.818917 0.818917
2411.122559 0.000000 1455.026855 0.000000 0.156635 0.000000 -0.987657 1.087452 1.087452 1.087452
2409.712402 0.000000 1448.827759 0.000000 0.931743 0.000000 -0.363118 0.838716 0.838716 0.838716
2359.209961 0.000000 1481.343750 0.000000 0.992257 0.000000 0.124198 0.720273 0.720273 0.720273
2363.054443 0.000000 1497.661133 0.000000 0.377222 0.000000 0.926123 0.467341 0.467341 0.467341
2364.147949 0.000000 1488.745239 0.000000 0.857072 0.000000 0.515197 0.620789 0.620789 0.620789
2358.558594 0.000000 1492.543579 0.000000 0.685661 0.000000 -0.727921 0.944635 0.944635 0.944635
2346.197998 0.000000 1533.156006 0.000000 0.863497 0.000000 -0.504354 0.876202 0.876202 0.876202
2367.468018 0.000000 1511.967285 0.000000 0.221882 0.000000 -0.975074 1.071585 1.071585 1.071585
2365.032227 0.000000 1504.890137 0.000000 0.247065 0.000000 0.968999 0.434600 0.434600 0.434600
2343.598877 0.000000 1525.826782 0.000000 0.273487 0.000000 0.961876 0.441133 0.441133 0.441133
2350.866211 0.000000 1528.868164 0.000000 0.766019 0.000000 0.642817 0.583324 0.583324 0.583324
2378.194092 0.000000 1501.163818 0.000000 0.653631 0.000000 -0.756814 0.954934 0.954934 0.954934
2373.126465 0.000000 1486.262939 0.000000 0.967153 0.000000 -0.254197 0.811358 0.811358 0.811358
2395.050537 0.000000 1497.661133 0.000000 0.286038 0.000000 -0.958218 1.055746 1.055746 1.055746
2367.936035 0.000000 1496.740845 0.000000 0.339097 0.000000 -0.940751 1.042409 1.042409 1.042409
2388.684814 0.000000 1472.324951 0.000000 0.947984 0.000000 0.318319 0.672661 0.672661 0.672661
2388.179443 0.000000 1500.710938 0.000000 0.092403 0.000000 0.995722 0.397091 0.397091 0.397091
2377.716309 0.000000 1480.819946 0.000000 0.975850 0.000000 0.218442 0.697427 0.697427 0.697427
2371.885986 0.000000 1501.617554 0.000000 0.355826 0.000000 -0.934552 1.038150 1.038150 1.038150
2395.079346 0.000000 1479.442383 0.000000 0.999348 0.000000 0.036119 0.741375 0.741375 0.741375
2397.820068 0.000000 1476.600464 0.000000 0.337391 0.000000 -0.941365 1.042842 1.042842 1.042842
2405.122559 0.000000 1486.262939 0.000000 0.750745 0.000000 -0.660592 0.922271 0.922271 0.922271
2427.046631 0.000000 1497.661133 0.000000 0.636144 0.000000 0.771570 0.539604 0.539604 0.539604
2416.173096 0.000000 1490.536865 0.000000 0.666791 0.000000 0.745245 0.549249 0.549249 0.549249
2420.175537 0.000000 1500.710938 0.000000 0.999700 0.000000 -0.024505 0.755851 0.755851 0.755851
2422.550781 0.000000 1492.543579 0.000000 0.876719 0.000000 -0.481004 0.869796 0.869796 0.869796
2403.882080 0.000000 1501.617554 0.000000 0.668396 0.000000 -0.743805 0.950236 0.950236 0.950236
2424.983154 0.000000 1501.874390 0.000000 0.495920 0.000000 -0.868368 1.001123 1.001123 1.001123
2414.526123 0.000000 1478.639038 0.000000 0.952689 0.000000 -0.303948 0.823729 0.823729 0.823729
2399.854004 0.000000 1475.858276 0.000000 0.764246 0.000000 -0.644925 0.917334 0.917334 0.917334
2407.919922 0.000000 1476.572754 0.000000 0.856371 0.000000 0.516361 0.620465 0.620465 0.620465
2404.054688 0.000000 1474.610596 0.000000 0.856912 0.000000 0.515462 0.620715 0.620715 0.620715
2430.247559 0.000000 1496.332153 0.000000 0.983844 0.000000 -0.179029 0.792972 0.792972 0.792972
2425.037109 0.000000 1490.185913 0.000000 0.445338 0.000000 0.895362 0.485187 0.485187 0.485187
2378.194092 0.000000 1533.156006 0.000000 0.296107 0.000000 -0.955155 1.053234 1.053234 1.053234
2395.050537 0.000000 1529.653320 0.000000 0.917195 0.000000 0.398438 0.652164 0.652164 0.652164
2379.973145 0.000000 1507.413574 0.000000 0.944846 0.000000 -0.327514 0.829658 0.829658 0.829658
2384.177002 0.000000 1522.529053 0.000000 0.956133 0.000000 0.292932 0.679027 0.679027 0.679027
2369.159912 0.000000 1503.897949 0.000000 0.505064 0.000000 -0.863082 0.998602 0.998602 0.998602
2388.684814 0.000000 1504.317139 0.000000 0.004089 0.000000 -0.999992 1.124024 1.124024 1.124024
2390.554688 0.000000 1524.535767 0.000000 0.928614 0.000000 0.371046 0.659249 0.659249 0.659249
2382.862305 0.000000 1528.868164 0.000000 0.850176 0.000000 -0.526499 0.882372 0.882372 0.882372
2423.202148 0.000000 1513.335938 0.000000 0.824985 0.000000 -0.565154 0.893387 0.893387 0.893387
2427.046631 0.000000 1529.653320 0.000000 0.907800 0.000000 -0.419404 0.853321 0.853321 0.853321
2416.173096 0.000000 1522.529053 0.000000 0.866230 0.000000 0.499645 0.625098 0.625098 0.625098
2399.932129 0.000000 1528.733032 0.000000 0.683030 0.000000 0.730390 0.554504 0.554504 0.554504
2401.156006 0.000000 1503.897949 0.000000 0.972979 0.000000 -0.230893 0.805624 0.805624 0.805624
2431.460205 0.000000 1511.967285 0.000000 0.181163 0.000000 -0.983453 1.081510 1.081510 1.081510
2407.591064 0.000000 1525.826782 0.000000 0.036535 0.000000 -0.999332 1.116276 1.116276 1.116276
2422.550781 0.000000 1524.535767 0.000000 0.883876 0.000000 -0.467721 0.866194 0.866194 0.866194
2414.858398 0.000000 1528.868164 0.000000 0.608173 0.000000 0.793804 0.531073 0.531073 0.531073
2407.047363 0.000000 1504.101318 0.000000 0.893886 0.000000 0.448295 0.639024 0.639024 0.639024
2424.489258 0.000000 1508.112183 0.000000 0.235946 0.000000 -0.971766 1.068136 1.068136 1.068136
2410.962891 0.000000 1503.698730 0.000000 0.667636 0.000000 0.744488 0.549520 0.549520 0.549520
2484.167725 0.000000 1436.726562 0.000000 0.801188 0.000000 0.598412 0.596849 0.596849 0.596849
2486.542969 0.000000 1428.559204 0.000000 0.129246 0.000000 0.991613 0.405942 0.405942 0.405942
2488.975342 0.000000 1437.890015 0.000000 0.590404 0.000000 0.807108 0.525774 0.525774 0.525774
2492.143066 0.000000 1429.262573 0.000000 0.993253 0.000000 -0.115967 0.777748 0.777748 0.777748
2459.042725 0.000000 1465.668945 0.000000 0.564661 0.000000 -0.825323 0.981755 0.981755 0.981755
2431.990479 0.000000 1458.017456 0.000000 0.166048 0.000000 -0.986118 1.085174 1.085174 1.085174
2438.681396 0.000000 1466.273071 0.000000 0.940514 0.000000 -0.339754 0.832758 0.832758 0.832758
2474.182373 0.000000 1469.171631 0.000000 0.513221 0.000000 0.858257 0.503661 0.503661 0.503661
2487.194336 0.000000 1449.351562 0.000000 0.988919 0.000000 0.148459 0.714427 0.714427 0.714427
2469.114746 0.000000 1454.270752 0.000000 0.963165 0.000000 -0.268913 0.814998 0.814998 0.814998
2480.165283 0.000000 1458.544678 0.000000 0.036580 0.000000 -0.999331 1.116265 1.116265 1.116265
2463.924316 0.000000 1464.748657 0.000000 0.733985 0.000000 0.679165 0.571756 0.571756 0.571756
2495.452393 0.000000 1447.982910 0.000000 0.268674 0.000000 -0.963231 1.060061 1.060061 1.060061
2479.194580 0.000000 1450.685059 0.000000 0.923116 0.000000 -0.384521 0.844225 0.844225 0.844225
2493.016602 0.000000 1440.905762 0.000000 0.610933 0.000000 0.791682 0.531904 0.531904 0.531904
2486.542969 0.000000 1460.551392 0.000000 0.853039 0.000000 -0.521847 0.881068 0.881068 0.881068
2478.850586 0.000000 1464.883789 0.000000 0.670396 0.000000 -0.742004 0.949593 0.949593 0.949593
2484.941650 0.000000 1455.052002 0.000000 0.728421 0.000000 0.685130 0.569809 0.569809 0.569809
2482.574463 0.000000 1446.066040 0.000000 0.560040 0.000000 -0.828466 0.983089 0.983089 0.983089
2488.481445 0.000000 1444.127808 0.000000 0.587279 0.000000 0.809385 0.524851 0.524851 0.524851
2491.889404 0.000000 1451.511230 0.000000 0.369805 0.000000 0.929110 0.465432 0.465432 0.465432
2488.959717 0.000000 1439.813721 0.000000 0.982181 0.000000 -0.187939 0.795135 0.795135 0.795135
2501.110840 0.000000 1422.278564 0.000000 0.983038 0.000000 -0.183401 0.794033 0.794033 0.794033
2512.161377 0.000000 1426.552490 0.000000 0.995225 0.000000 0.097605 0.726661 0.726661 0.726661
2527.448486 0.000000 1415.990723 0.000000 0.272829 0.000000 0.962063 0.440969 0.440969 0.440969
2525.012695 0.000000 1408.913574 0.000000 0.878732 0.000000 -0.477315 0.868793 0.868793 0.868793
2503.579346 0.000000 1429.850220 0.000000 0.970725 0.000000 0.240193 0.692092 0.692092 0.692092
2518.539062 0.000000 1428.559204 0.000000 0.026890 0.000000 -0.999638 1.118580 1.118580 1.118580
2495.982666 0.000000 1426.025269 0.000000 0.713928 0.000000 -0.700219 0.935186 0.935186 0.935186
2510.846680 0.000000 1432.891602 0.000000 0.999839 0.000000 0.017949 0.745715 0.745715 0.745715
2516.937744 0.000000 1423.059814 0.000000 0.620402 0.000000 0.784284 0.534773 0.534773 0.534773
2499.870361 0.000000 1437.633179 0.000000 0.950623 0.000000 0.310347 0.674666 0.674666 0.674666
2520.477539 0.000000 1412.135620 0.000000 0.846379 0.000000 0.532581 0.615917 0.615917 0.615917
2523.885498 0.000000 1419.519043 0.000000 0.878081 0.000000 -0.478513 0.869118 0.869118 0.869118
2508.011719 0.000000 1428.665161 0.000000 0.807573 0.000000 0.589768 0.599414 0.599414 0.599414
2515.160400 0.000000 1431.906982 0.000000 0.902141 0.000000 -0.431441 0.856496 0.856496 0.856496
2502.673584 0.000000 1434.280884 0.000000 0.978148 0.000000 0.207910 0.700001 0.700001 0.700001
2523.063721 0.000000 1415.458008 0.000000 0.592856 0.000000 -0.805309 0.973500 0.973500 0.973500
2538.174561 0.000000 1437.179443 0.000000 0.220622 0.000000 -0.975359 1.071893 1.071893 1.071893
2533.106934 0.000000 1422.278564 0.000000 0.034317 0.000000 0.999411 0.383194 0.383194 0.383194
2555.031006 0.000000 1433.676758 0.000000 0.416817 0.000000 -0.908990 1.022359 1.022359 1.022359
2544.157471 0.000000 1426.552490 0.000000 0.982898 0.000000 0.184153 0.705784 0.705784 0.705784
2529.140381 0.000000 1407.921387 0.000000 0.368941 0.000000 0.929453 0.465210 0.465210 0.465210
2556.124512 0.000000 1424.760864 0.000000 0.937165 0.000000 -0.348888 0.835080 0.835080 0.835080
2532.337402 0.000000 1414.682739 0.000000 0.326450 0.000000 0.945215 0.454389 0.454389 0.454389
2550.535156 0.000000 1428.559204 0.000000 0.191915 0.000000 0.981412 0.421102 0.421102 0.421102
2542.842773 0.000000 1432.891602 0.000000 0.915850 0.000000 -0.401521 0.848639 0.848639 0.848639
2539.106934 0.000000 1423.034668 0.000000 0.607623 0.000000 -0.794226 0.969092 0.969092 0.969092
2537.696777 0.000000 1416.835571 0.000000 0.393327 0.000000 0.919399 0.471507 0.471507 0.471507
2535.031738 0.000000 1408.124756 0.000000 0.955496 0.000000 0.295004 0.678509 0.678509 0.678509
2558.382568 0.000000 1437.542725 0.000000 0.296320 0.000000 -0.955089 1.053180 1.053180 1.053180
2552.967529 0.000000 1437.890015 0.000000 0.161657 0.000000 0.986847 0.413763 0.413763 0.413763
2556.135254 0.000000 1429.262573 0.000000 0.105989 0.000000 0.994367 0.400351 0.400351 0.400351
2558.231934 0.000000 1432.347778 0.000000 0.620975 0.000000 -0.783831 0.965053 0.965053 0.965053
2501.110840 0.000000 1454.270752 0.000000 0.938619 0.000000 0.344956 0.665920 0.665920 0.665920
2507.957520 0.000000 1443.429199 0.000000 0.460538 0.000000 -0.887640 1.010742 1.010742 1.010742
2495.920410 0.000000 1464.748657 0.000000 0.384899 0.000000 -0.922959 1.030677 1.030677 1.030677
2503.579346 0.000000 1461.842407 0.000000 0.545970 0.000000 0.837805 0.512879 0.512879 0.512879
2495.982666 0.000000 1458.017456 0.000000 0.885315 0.000000 -0.464992 0.865457 0.865457 0.865457
2503.035645 0.000000 1440.116943 0.000000 0.575035 0.000000 0.818129 0.521259 0.521259 0.521259
2496.017822 0.000000 1452.951660 0.000000 0.093675 0.000000 -0.995603 1.102604 1.102604 1.102604
2497.349854 0.000000 1449.152588 0.000000 0.540329 0.000000 0.841454 0.511275 0.511275 0.511275
2500.042969 0.000000 1442.618408 0.000000 0.943550 0.000000 -0.331229 0.830597 0.830597 0.830597
2539.953613 0.000000 1443.429199 0.000000 0.737301 0.000000 0.675564 0.572925 0.572925 0.572925
2559.444580 0.000000 1447.982910 0.000000 0.961509 0.000000 -0.274773 0.816452 0.816452 0.816452
2543.186768 0.000000 1450.685059 0.000000 0.257643 0.000000 -0.966240 1.062791 1.062791 1.062791
2557.008789 0.000000 1440.905762 0.000000 0.356812 0.000000 0.934176 0.462102 0.462102 0.462102
2537.696777 0.000000 1448.827759 0.000000 0.998653 0.000000 -0.051881 0.762391 0.762391 0.762391
2546.566650 0.000000 1446.066040 0.000000 0.108592 0.000000 -0.994086 1.099024 1.099024 1.099024
2552.473633 0.000000 1444.127808 0.000000 0.262087 0.000000 -0.965044 1.061692 1.061692 1.061692
2543.457031 0.000000 1439.779175 0.000000 0.436552 0.000000 -0.899679 1.017150 1.017150 1.017150
2552.951904 0.000000 1439.813721 0.000000 0.949728 0.000000 -0.313078 0.826020 0.826020 0.826020
2542.510498 0.000000 1446.646851 0.000000 0.964235 0.000000 0.265050 0.685959 0.685959 0.685959
2442.186279 0.000000 1501.163818 0.000000 0.542689 0.000000 0.839934 0.511945 0.511945 0.511945
2433.152100 0.000000 1471.905762 0.000000 0.552318 0.000000 0.833633 0.514692 0.514692 0.514692
2447.198486 0.000000 1482.677246 0.000000 0.384770 0.000000 -0.923012 1.030710 1.030710 1.030710
2439.587158 0.000000 1493.834595 0.000000 0.706571 0.000000 0.707643 0.562319 0.562319 0.562319
2439.043457 0.000000 1472.109131 0.000000 0.970749 0.000000 -0.240096 0.807884 0.807884 0.807884
2459.893311 0.000000 1483.503418 0.000000 0.149934 0.000000 -0.988696 1.089070 1.089070 1.089070
2438.681396 0.000000 1498.265259 0.000000 0.562318 0.000000 -0.826921 0.982432 0.982432 0.982432
2459.071533 0.000000 1479.442383 0.000000 0.172653 0.000000 0.984983 0.416425 0.416425 0.416425
2442.958984 0.000000 1471.706543 0.000000 0.528167 0.000000 0.849141 0.507840 0.507840 0.507840
2435.465576 0.000000 1496.751587 0.000000 0.292395 0.000000 -0.956298 1.054161 1.054161 1.054161
2475.961426 0.000000 1475.421387 0.000000 0.893538 0.000000 0.448987 0.638839 0.638839 0.638839
2463.846191 0.000000 1475.858276 0.000000 0.759161 0.000000 -0.650903 0.919207 0.919207 0.919207
2439.043457 0.000000 1504.101318 0.000000 0.550538 0.000000 0.834810 0.514183 0.514183 0.514183
2431.850098 0.000000 1507.850464 0.000000 0.990317 0.000000 -0.138826 0.783250 0.783250 0.783250
2634.162842 0.000000 1085.265381 0.000000 0.998322 0.000000 0.057908 0.736168 0.736168 0.736168
2644.148193 0.000000 1084.812500 0.000000 0.563699 0.000000 -0.825980 0.982033 0.982033 0.982033
2639.206299 0.000000 1086.780640 0.000000 0.483777 0.000000 -0.875191 1.004448 1.004448 1.004448
2615.178711 0.000000 1129.429688 0.000000 0.703298 0.000000 -0.710895 0.938782 0.938782 0.938782
2608.149658 0.000000 1138.622803 0.000000 0.026328 0.000000 0.999653 0.381286 0.381286 0.381286
2607.178955 0.000000 1130.763184 0.000000 0.958196 0.000000 0.286114 0.680727 0.680727 0.680727
2603.099121 0.000000 1135.104980 0.000000 0.414581 0.000000 0.910012 0.477054 0.477054 0.477054
2610.558838 0.000000 1126.144165 0.000000 0.298623 0.000000 -0.954371 1.052604 1.052604 1.052604
2616.465820 0.000000 1124.205933 0.000000 0.671282 0.000000 0.741202 0.550692 0.550692 0.550692
2611.148682 0.000000 1143.977295 0.000000 0.507640 0.000000 0.861569 0.502111 0.502111 0.502111
2634.162842 0.000000 1117.257568 0.000000 0.844416 0.000000 -0.535687 0.884961 0.884961 0.884961
2647.174805 0.000000 1097.437500 0.000000 0.848811 0.000000 0.528696 0.617011 0.617011 0.617011
2635.941895 0.000000 1091.515137 0.000000 0.111701 0.000000 0.993742 0.401722 0.401722 0.401722
2640.145752 0.000000 1106.630615 0.000000 0.296649 0.000000 0.954987 0.446902 0.446902 0.446902
2644.653564 0.000000 1088.418701 0.000000 0.875768 0.000000 0.482732 0.629734 0.629734 0.629734
2628.325684 0.000000 1094.760864 0.000000 0.839316 0.000000 -0.543644 0.887217 0.887217 0.887217
2646.523438 0.000000 1108.637329 0.000000 0.834133 0.000000 -0.551564 0.889476 0.889476 0.889476
2638.831055 0.000000 1112.969727 0.000000 0.999209 0.000000 0.039758 0.740506 0.740506 0.740506
2633.685059 0.000000 1096.913696 0.000000 0.469595 0.000000 -0.882882 1.008300 1.008300 1.008300
2644.922119 0.000000 1103.137939 0.000000 0.830019 0.000000 -0.557736 0.891247 0.891247 0.891247
2642.554932 0.000000 1094.151978 0.000000 0.979298 0.000000 0.202423 0.701339 0.701339 0.701339
2639.445312 0.000000 1087.865112 0.000000 0.991363 0.000000 -0.131144 0.781399 0.781399 0.781399
2631.020020 0.000000 1120.195068 0.000000 0.204111 0.000000 0.978948 0.424073 0.424073 0.424073
2622.374756 0.000000 1213.597412 0.000000 0.486821 0.000000 -0.873502 1.003617 1.003617 1.003617
2634.162842 0.000000 1181.241943 0.000000 0.676132 0.000000 0.736781 0.552259 0.552259 0.552259
2629.095215 0.000000 1166.341064 0.000000 0.119629 0.000000 -0.992819 1.096372 1.096372 1.096372
2635.941895 0.000000 1155.499512 0.000000 0.315566 0.000000 0.948904 0.451646 0.451646 0.451646
2644.148193 0.000000 1180.789062 0.000000 0.716764 0.000000 -0.697316 0.934217 0.934217 0.934217
2631.563721 0.000000 1173.912720 0.000000 0.224744 0.000000 0.974418 0.429116 0.429116 0.429116
2635.095215 0.000000 1167.097168 0.000000 0.964686 0.000000 -0.263403 0.813634 0.813634 0.813634
2633.685059 0.000000 1160.898071 0.000000 0.770489 0.000000 -0.637454 0.915009 0.915009 0.915009
2643.144775 0.000000 1175.969482 0.000000 0.820795 0.000000 0.571223 0.604852 0.604852 0.604852
2647.174805 0.000000 1193.414062 0.000000 0.707688 0.000000 -0.706525 0.937304 0.937304 0.937304
2651.019287 0.000000 1209.731445 0.000000 0.729737 0.000000 0.683729 0.570268 0.570268 0.570268
2623.904785 0.000000 1208.811157 0.000000 0.627811 0.000000 -0.778366 0.962963 0.962963 0.962963
2644.653564 0.000000 1184.395264 0.000000 0.105221 0.000000 -0.994449 1.099834 1.099834 1.099834
2639.175049 0.000000 1194.747559 0.000000 0.140852 0.000000 0.990031 0.408738 0.408738 0.408738
2644.148193 0.000000 1212.781250 0.000000 0.969311 0.000000 -0.245837 0.809297 0.809297 0.809297
2631.563721 0.000000 1205.904907 0.000000 0.475004 0.000000 0.879984 0.493165 0.493165 0.493165
2627.854736 0.000000 1213.687866 0.000000 0.682444 0.000000 0.730938 0.554312 0.554312 0.554312
2631.020020 0.000000 1184.179443 0.000000 0.878952 0.000000 -0.476910 0.868682 0.868682 0.868682
2648.955811 0.000000 1213.944702 0.000000 0.998902 0.000000 -0.046839 0.761186 0.761186 0.761186
2643.429199 0.000000 1195.023682 0.000000 0.328636 0.000000 0.944457 0.454942 0.454942 0.454942
2623.744873 0.000000 1213.268066 0.000000 0.533248 0.000000 -0.845959 0.990728 0.990728 0.990728
2634.162842 0.000000 1245.226318 0.000000 0.310430 0.000000 -0.950596 1.049645 1.049645 1.049645
2640.145752 0.000000 1234.599365 0.000000 0.822059 0.000000 -0.569402 0.894619 0.894619 0.894619
2625.128662 0.000000 1215.968262 0.000000 0.989571 0.000000 0.144044 0.715492 0.715492 0.715492
2652.997070 0.000000 1216.960449 0.000000 0.573604 0.000000 0.819133 0.520841 0.520841 0.520841
2644.148193 0.000000 1244.773438 0.000000 0.797394 0.000000 0.603458 0.595342 0.595342 0.595342
2638.831055 0.000000 1240.938477 0.000000 0.947441 0.000000 0.319929 0.672256 0.672256 0.672256
2644.922119 0.000000 1231.106689 0.000000 0.220661 0.000000 0.975351 0.428116 0.428116 0.428116
2642.554932 0.000000 1222.120728 0.000000 0.519167 0.000000 0.854673 0.505318 0.505318 0.505318
2648.461914 0.000000 1220.182495 0.000000 0.096468 0.000000 -0.995336 1.101934 1.101934 1.101934
2651.048096 0.000000 1223.504883 0.000000 0.500286 0.000000 -0.865860 0.999921 0.999921 0.999921
2643.429199 0.000000 1227.015869 0.000000 0.999190 0.000000 -0.040230 0.759607 0.759607 0.759607
2659.850830 0.000000 1245.680054 0.000000 0.209057 0.000000 0.977904 0.425279 0.425279 0.425279
2666.773193 0.000000 1241.250000 0.000000 0.333330 0.000000 0.942810 0.456129 0.456129 0.456129
2644.653564 0.000000 1248.379639 0.000000 0.733610 0.000000 -0.679571 0.928376 0.928376 0.928376
2652.997070 0.000000 1248.952637 0.000000 0.904958 0.000000 0.425501 0.645073 0.645073 0.645073
2676.649658 0.000000 1248.379639 0.000000 0.766962 0.000000 0.641693 0.583674 0.583674 0.583674
2684.108887 0.000000 1264.799927 0.000000 0.985988 0.000000 -0.166816 0.790011 0.790011 0.790011
2687.428955 0.000000 1256.029785 0.000000 0.192707 0.000000 0.981256 0.421295 0.421295 0.421295
2680.458008 0.000000 1252.174683 0.000000 0.333943 0.000000 -0.942593 1.043716 1.043716 1.043716
2683.865967 0.000000 1259.558105 0.000000 0.994641 0.000000 -0.103394 0.774728 0.774728 0.774728
2683.044189 0.000000 1255.497070 0.000000 0.076739 0.000000 -0.997051 1.106662 1.106662 1.106662
2678.124023 0.000000 1254.694214 0.000000 0.980477 0.000000 -0.196635 0.797251 0.797251 0.797251
2693.087402 0.000000 1262.317627 0.000000 0.566379 0.000000 0.824145 0.518742 0.518742 0.518742
2695.555908 0.000000 1269.889282 0.000000 0.860380 0.000000 -0.509654 0.877670 0.877670 0.877670
2687.959229 0.000000 1266.064331 0.000000 0.851524 0.000000 -0.524316 0.881759 0.881759 0.881759
2687.994385 0.000000 1260.998535 0.000000 0.336497 0.000000 -0.941685 1.043068 1.043068 1.043068
2686.366943 0.000000 1309.573975 0.000000 0.890521 0.000000 -0.454943 0.862755 0.862755 0.862755
2686.216309 0.000000 1304.379028 0.000000 0.734748 0.000000 0.678340 0.572025 0.572025 0.572025
2588.131348 0.000000 1397.270386 0.000000 0.721591 0.000000 0.692319 0.567442 0.567442 0.567442
2590.228027 0.000000 1400.355591 0.000000 0.646244 0.000000 -0.763131 0.957254 0.957254 0.957254
2597.099121 0.000000 1390.286377 0.000000 0.256987 0.000000 0.966415 0.437047 0.437047 0.437047
2620.116699 0.000000 1392.768677 0.000000 0.218713 0.000000 -0.975789 1.072361 1.072361 1.072361
2599.567627 0.000000 1397.858032 0.000000 0.413591 0.000000 -0.910463 1.023206 1.023206 1.023206
2614.527344 0.000000 1396.567017 0.000000 0.893456 0.000000 0.449151 0.638795 0.638795 0.638795
2591.970947 0.000000 1394.033081 0.000000 0.218386 0.000000 -0.975863 1.072441 1.072441 1.072441
2595.858643 0.000000 1405.640991 0.000000 0.932304 0.000000 -0.361674 0.838346 0.838346 0.838346
2616.959717 0.000000 1405.897827 0.000000 0.384358 0.000000 -0.923184 1.030817 1.030817 1.030817
2620.127441 0.000000 1397.270386 0.000000 0.747453 0.000000 0.664315 0.576542 0.576542 0.576542
2595.175537 0.000000 1397.156128 0.000000 0.521575 0.000000 -0.853206 0.994009 0.994009 0.994009
2615.053223 0.000000 1401.381592 0.000000 0.706195 0.000000 -0.708018 0.937808 0.937808 0.937808
2647.174805 0.000000 1385.367188 0.000000 0.618543 0.000000 0.785751 0.534208 0.534208 0.534208
2644.653564 0.000000 1376.348389 0.000000 0.519204 0.000000 -0.854650 0.994671 0.994671 0.994671
2639.175049 0.000000 1386.700684 0.000000 0.670505 0.000000 0.741905 0.550442 0.550442 0.550442
2623.967041 0.000000 1394.033081 0.000000 0.582517 0.000000 0.812819 0.523449 0.523449 0.523449
2643.429199 0.000000 1386.976807 0.000000 0.971917 0.000000 -0.235323 0.806711 0.806711 0.806711
2687.428955 0.000000 1383.998535 0.000000 0.848679 0.000000 -0.528908 0.883049 0.883049 0.883049
2698.155029 0.000000 1309.210693 0.000000 0.808094 0.000000 0.589054 0.599625 0.599625 0.599625
2711.166992 0.000000 1289.390625 0.000000 0.369086 0.000000 -0.929395 1.034753 1.034753 1.034753
2708.645752 0.000000 1280.371826 0.000000 0.888406 0.000000 0.459058 0.636140 0.636140 0.636140
2695.555908 0.000000 1301.881470 0.000000 0.999021 0.000000 -0.044247 0.760567 0.760567 0.760567
2691.846924 0.000000 1309.664429 0.000000 0.773808 0.000000 -0.633420 0.913762 0.913762 0.913762
2706.547119 0.000000 1286.105103 0.000000 0.968138 0.000000 -0.250417 0.810426 0.810426 0.810426
2694.650146 0.000000 1306.312134 0.000000 0.656134 0.000000 0.754644 0.545857 0.545857 0.545857
2687.737061 0.000000 1309.244629 0.000000 0.887403 0.000000 -0.460994 0.864380 0.864380 0.864380
2691.434326 0.000000 1304.798462 0.000000 0.859956 0.000000 0.510367 0.622132 0.622132 0.622132
2689.875977 0.000000 1307.283203 0.000000 0.595476 0.000000 -0.803373 0.972723 0.972723 0.972723
2696.161865 0.000000 1304.388428 0.000000 0.573741 0.000000 -0.819036 0.979119 0.979119 0.979119
2719.955322 0.000000 1298.056519 0.000000 0.188473 0.000000 0.982078 0.420265 0.420265 0.420265
2711.166992 0.000000 1321.382812 0.000000 0.994584 0.000000 0.103933 0.725143 0.725143 0.725143
2689.120850 0.000000 1311.944824 0.000000 0.550698 0.000000 0.834704 0.514229 0.514229 0.514229
2703.167236 0.000000 1322.716309 0.000000 0.927129 0.000000 0.374743 0.658298 0.658298 0.658298
2719.893066 0.000000 1336.779907 0.000000 0.551600 0.000000 -0.834109 0.985513 0.985513 0.985513
2727.552002 0.000000 1333.873657 0.000000 0.946226 0.000000 -0.323505 0.828646 0.828646 0.828646
2693.087402 0.000000 1390.286377 0.000000 0.086528 0.000000 -0.996249 1.104317 1.104317 1.104317
2704.137939 0.000000 1394.560303 0.000000 0.588522 0.000000 -0.808481 0.974783 0.974783 0.974783
2692.317871 0.000000 1382.690552 0.000000 0.997494 0.000000 0.070752 0.733095 0.733095 0.733095
2695.555908 0.000000 1397.858032 0.000000 0.954196 0.000000 -0.299183 0.822536 0.822536 0.822536
2698.769287 0.000000 1401.210938 0.000000 0.934649 0.000000 0.355573 0.663214 0.663214 0.663214
2753.113037 0.000000 1343.937012 0.000000 0.537154 0.000000 0.843484 0.510376 0.510376 0.510376
2763.079590 0.000000 1359.050293 0.000000 0.273111 0.000000 0.961982 0.441039 0.441039 0.441039
2761.669434 0.000000 1352.851196 0.000000 0.863001 0.000000 -0.505202 0.876436 0.876436 0.876436
2772.906494 0.000000 1359.075439 0.000000 0.712491 0.000000 -0.701681 0.935675 0.935675 0.935675
2767.190674 0.000000 1374.710327 0.000000 0.997770 0.000000 0.066751 0.734052 0.734052 0.734052
2776.994141 0.000000 1362.217163 0.000000 0.976123 0.000000 -0.217217 0.802274 0.802274 0.802274
2763.926270 0.000000 1379.444824 0.000000 0.062207 0.000000 -0.998063 1.110139 1.110139 1.110139
2767.159424 0.000000 1386.700684 0.000000 0.587338 0.000000 -0.809342 0.975132 0.975132 0.975132
2772.906494 0.000000 1391.067627 0.000000 0.954950 0.000000 -0.296768 0.821932 0.821932 0.821932
2767.429688 0.000000 1375.794800 0.000000 0.871707 0.000000 -0.490027 0.872260 0.872260 0.872260
2766.483154 0.000000 1382.662476 0.000000 0.015441 0.000000 0.999881 0.378686 0.378686 0.378686
2771.413574 0.000000 1386.976807 0.000000 0.527839 0.000000 -0.849344 0.992252 0.992252 0.992252
2776.883057 0.000000 1390.370239 0.000000 0.223358 0.000000 -0.974736 1.071223 1.071223 1.071223
2565.103027 0.000000 1422.278564 0.000000 0.056006 0.000000 0.998430 0.388377 0.388377 0.388377
2576.153564 0.000000 1426.552490 0.000000 0.882301 0.000000 0.470685 0.633005 0.633005 0.633005
2559.912598 0.000000 1432.756470 0.000000 0.941061 0.000000 0.338238 0.667627 0.667627 0.667627
2567.571533 0.000000 1429.850220 0.000000 0.097911 0.000000 -0.995195 1.101588 1.101588 1.101588
2559.974854 0.000000 1426.025269 0.000000 0.346150 0.000000 0.938179 0.459383 0.459383 0.459383
2574.838867 0.000000 1432.891602 0.000000 0.773903 0.000000 0.633304 0.586274 0.586274 0.586274
2571.103027 0.000000 1423.034668 0.000000 0.566373 0.000000 0.824149 0.518740 0.518740 0.518740
2563.862549 0.000000 1437.633179 0.000000 0.904744 0.000000 0.425956 0.644953 0.644953 0.644953
2590.378662 0.000000 1437.542725 0.000000 0.799503 0.000000 -0.600662 0.903822 0.903822 0.903822
2572.003906 0.000000 1428.665161 0.000000 0.413702 0.000000 0.910412 0.476823 0.476823 0.476823
2563.179443 0.000000 1429.148315 0.000000 0.343679 0.000000 0.939087 0.458755 0.458755 0.458755
2566.665771 0.000000 1434.280884 0.000000 0.787831 0.000000 0.615892 0.591597 0.591597 0.591597
2567.713867 0.000000 1425.457031 0.000000 0.402545 0.000000 0.915400 0.473906 0.473906 0.473906
2559.752686 0.000000 1437.213379 0.000000 0.524737 0.000000 0.851265 0.506877 0.506877 0.506877
2563.449951 0.000000 1432.767212 0.000000 0.989385 0.000000 -0.145316 0.784815 0.784815 0.784815
2560.009277 0.000000 1429.593384 0.000000 0.660876 0.000000 -0.750495 0.952639 0.952639 0.952639
2561.891602 0.000000 1435.251953 0.000000 0.919979 0.000000 -0.391967 0.846154 0.846154 0.846154
2602.166748 0.000000 1437.179443 0.000000 0.470561 0.000000 -0.882367 1.008039 1.008039 1.008039
2615.178711 0.000000 1417.359375 0.000000 0.054057 0.000000 0.998538 0.387912 0.387912 0.387912
2608.149658 0.000000 1426.552490 0.000000 0.925000 0.000000 -0.379967 0.843049 0.843049 0.843049
2591.908691 0.000000 1432.756470 0.000000 0.999884 0.000000 0.015259 0.746357 0.746357 0.746357
2593.132568 0.000000 1407.921387 0.000000 0.939894 0.000000 -0.341466 0.833192 0.833192 0.833192
2601.688965 0.000000 1416.835571 0.000000 0.112983 0.000000 0.993597 0.402030 0.402030 0.402030
2599.709961 0.000000 1425.457031 0.000000 0.670271 0.000000 0.742116 0.550367 0.550367 0.550367
2600.132812 0.000000 1420.926758 0.000000 0.534594 0.000000 -0.845109 0.990348 0.990348 0.990348
2561.136475 0.000000 1439.913574 0.000000 0.180037 0.000000 0.983660 0.418216 0.418216 0.418216
2588.120605 0.000000 1456.753052 0.000000 0.586708 0.000000 0.809799 0.524682 0.524682 0.524682
2589.004883 0.000000 1440.905762 0.000000 0.336520 0.000000 0.941676 0.456937 0.456937 0.456937
2582.531250 0.000000 1460.551392 0.000000 0.530875 0.000000 -0.847450 0.991398 0.991398 0.991398
2569.692871 0.000000 1448.827759 0.000000 0.977084 0.000000 0.212855 0.698793 0.698793 0.698793
2580.929932 0.000000 1455.052002 0.000000 0.886752 0.000000 -0.462246 0.864717 0.864717 0.864717
2587.877686 0.000000 1451.511230 0.000000 0.952990 0.000000 -0.303003 0.823492 0.823492 0.823492
2559.834473 0.000000 1443.866089 0.000000 0.568042 0.000000 -0.823000 0.980776 0.980776 0.980776
2567.900391 0.000000 1444.580566 0.000000 0.739816 0.000000 -0.672809 0.926184 0.926184 0.926184
2584.906494 0.000000 1454.354614 0.000000 0.780193 0.000000 -0.625539 0.911341 0.911341 0.911341
2564.035156 0.000000 1442.618408 0.000000 0.745783 0.000000 -0.666189 0.924057 0.924057 0.924057
2591.970947 0.000000 1458.017456 0.000000 0.118432 0.000000 -0.992962 1.096660 1.096660 1.096660
2591.830566 0.000000 1443.866089 0.000000 0.291059 0.000000 0.956705 0.445506 0.445506 0.445506
2596.031250 0.000000 1442.618408 0.000000 0.718473 0.000000 0.695554 0.566369 0.566369 0.566369
2699.934082 0.000000 1411.437012 0.000000 0.508346 0.000000 0.861153 0.502307 0.502307 0.502307
2300.155762 0.000000 1680.698364 0.000000 0.621364 0.000000 -0.783522 0.964934 0.964934 0.964934
2292.191162 0.000000 1692.664062 0.000000 0.411510 0.000000 -0.911405 1.023751 1.023751 1.023751
2282.205811 0.000000 1725.109131 0.000000 0.249928 0.000000 -0.968264 1.064695 1.064695 1.064695
2292.696533 0.000000 1696.270264 0.000000 0.875970 0.000000 0.482366 0.629833 0.629833 0.629833
2279.606689 0.000000 1717.779907 0.000000 0.437632 0.000000 0.899154 0.483137 0.483137 0.483137
2286.874023 0.000000 1720.821289 0.000000 0.831553 0.000000 -0.555445 0.890589 0.890589 0.890589
2283.138184 0.000000 1710.964355 0.000000 0.822880 0.000000 -0.568216 0.894275 0.894275 0.894275
2284.039062 0.000000 1716.594849 0.000000 0.643419 0.000000 0.765514 0.541863 0.541863 0.541863
2359.209961 0.000000 1545.328125 0.000000 0.265034 0.000000 0.964239 0.439037 0.439037 0.439037
2363.054443 0.000000 1561.645508 0.000000 0.945949 0.000000 0.324314 0.671150 0.671150 0.671150
2352.180908 0.000000 1554.521240 0.000000 0.937179 0.000000 0.348849 0.664929 0.664929 0.664929
2364.147949 0.000000 1552.729614 0.000000 0.927144 0.000000 0.374706 0.658308 0.658308 0.658308
2367.468018 0.000000 1543.959473 0.000000 0.999907 0.000000 -0.013619 0.753251 0.753251 0.753251
2365.032227 0.000000 1536.882324 0.000000 0.122830 0.000000 -0.992428 1.095602 1.095602 1.095602
2356.183350 0.000000 1564.695312 0.000000 0.491679 0.000000 0.870776 0.497713 0.497713 0.497713
2356.957275 0.000000 1551.028564 0.000000 0.944405 0.000000 0.328783 0.670021 0.670021 0.670021
2351.241455 0.000000 1566.663452 0.000000 0.210566 0.000000 -0.977580 1.074352 1.074352 1.074352
2341.130371 0.000000 1582.239502 0.000000 0.351779 0.000000 -0.936083 1.039183 1.039183 1.039183
2363.054443 0.000000 1593.637695 0.000000 0.976135 0.000000 0.217164 0.697739 0.697739 0.697739
2347.977051 0.000000 1571.397949 0.000000 0.565281 0.000000 -0.824898 0.981576 0.981576 0.981576
2356.688721 0.000000 1568.301514 0.000000 0.601754 0.000000 0.798682 0.529148 0.529148 0.529148
2351.210205 0.000000 1578.653809 0.000000 0.703459 0.000000 -0.710736 0.938728 0.938728 0.938728
2343.598877 0.000000 1589.811157 0.000000 0.997929 0.000000 -0.064328 0.765368 0.765368 0.765368
2347.130371 0.000000 1582.995605 0.000000 0.709754 0.000000 0.704449 0.563396 0.563396 0.563396
2378.194092 0.000000 1565.148193 0.000000 0.142373 0.000000 -0.989813 1.090895 1.090895 1.090895
2379.973145 0.000000 1539.405762 0.000000 0.997838 0.000000 -0.065728 0.765703 0.765703 0.765703
2369.159912 0.000000 1535.890137 0.000000 0.889563 0.000000 0.456813 0.636743 0.636743 0.636743
2396.144043 0.000000 1552.729614 0.000000 0.839705 0.000000 0.543044 0.612954 0.612954 0.612954
2390.554688 0.000000 1556.527954 0.000000 0.999463 0.000000 0.032766 0.742176 0.742176 0.742176
2396.154785 0.000000 1557.231323 0.000000 0.997177 0.000000 -0.075083 0.767941 0.767941 0.767941
2423.202148 0.000000 1545.328125 0.000000 0.926943 0.000000 -0.375203 0.841820 0.841820 0.841820
2405.122559 0.000000 1550.247314 0.000000 0.882726 0.000000 -0.469888 0.866779 0.866779 0.866779
2411.969238 0.000000 1539.405762 0.000000 0.088555 0.000000 -0.996071 1.103831 1.103831 1.103831
2415.202393 0.000000 1546.661621 0.000000 0.599860 0.000000 0.800105 0.528583 0.528583 0.528583
2407.591064 0.000000 1557.818970 0.000000 0.451907 0.000000 -0.892065 1.013058 1.013058 1.013058
2411.122559 0.000000 1551.003418 0.000000 0.977910 0.000000 0.209027 0.699728 0.699728 0.699728
2418.582275 0.000000 1542.042603 0.000000 0.476329 0.000000 0.879267 0.493525 0.493525 0.493525
2403.198975 0.000000 1557.117065 0.000000 0.336246 0.000000 0.941774 0.456868 0.456868 0.456868
2391.206055 0.000000 1577.320312 0.000000 0.996494 0.000000 -0.083667 0.769997 0.769997 0.769997
2373.126465 0.000000 1582.239502 0.000000 0.719797 0.000000 -0.694184 0.933176 0.933176 0.933176
2395.050537 0.000000 1593.637695 0.000000 0.999486 0.000000 -0.032057 0.757654 0.757654 0.757654
2379.973145 0.000000 1571.397949 0.000000 0.952103 0.000000 0.305777 0.675813 0.675813 0.675813
2384.177002 0.000000 1586.513428 0.000000 0.940732 0.000000 -0.339151 0.832605 0.832605 0.832605
2367.936035 0.000000 1592.717407 0.000000 0.479889 0.000000 0.877329 0.494492 0.494492 0.494492
2388.684814 0.000000 1568.301514 0.000000 0.606892 0.000000 0.794784 0.530688 0.530688 0.530688
2396.144043 0.000000 1584.721802 0.000000 0.643129 0.000000 -0.765757 0.958227 0.958227 0.958227
2383.206299 0.000000 1578.653809 0.000000 0.974536 0.000000 0.224233 0.696009 0.696009 0.696009
2397.028320 0.000000 1568.874512 0.000000 0.438553 0.000000 0.898705 0.483382 0.483382 0.483382
2388.179443 0.000000 1596.687500 0.000000 0.975044 0.000000 0.222013 0.696553 0.696553 0.696553
2375.594971 0.000000 1589.811157 0.000000 0.430982 0.000000 0.902360 0.481375 0.481375 0.481375
2390.554688 0.000000 1588.520142 0.000000 0.908940 0.000000 0.416926 0.647331 0.647331 0.647331
2377.716309 0.000000 1576.796509 0.000000 0.077443 0.000000 0.996997 0.393507 0.393507 0.393507
2401.156006 0.000000 1567.882324 0.000000 0.536106 0.000000 -0.844151 0.989921 0.989921 0.989921
2331.058350 0.000000 1625.629883 0.000000 0.963058 0.000000 -0.269292 0.815092 0.815092 0.815092
2341.130371 0.000000 1614.231689 0.000000 0.527047 0.000000 0.849836 0.507526 0.507526 0.507526
2347.977051 0.000000 1603.390137 0.000000 0.843516 0.000000 0.537104 0.614639 0.614639 0.614639
2352.180908 0.000000 1618.505615 0.000000 0.866309 0.000000 0.499508 0.625135 0.625135 0.625135
2335.939941 0.000000 1624.709595 0.000000 0.276443 0.000000 -0.961030 1.058133 1.058133 1.058133
2337.163818 0.000000 1599.874512 0.000000 0.424800 0.000000 0.905287 0.479742 0.479742 0.479742
2356.688721 0.000000 1600.293701 0.000000 0.503382 0.000000 -0.864064 0.999067 0.999067 0.999067
2367.468018 0.000000 1607.943848 0.000000 0.843617 0.000000 0.536945 0.614684 0.614684 0.614684
2365.032227 0.000000 1600.866699 0.000000 0.089658 0.000000 -0.995973 1.103567 1.103567 1.103567
2343.598877 0.000000 1621.803345 0.000000 0.996307 0.000000 -0.085868 0.770525 0.770525 0.770525
2350.866211 0.000000 1624.844727 0.000000 0.179613 0.000000 -0.983737 1.081887 1.081887 1.081887
2347.130371 0.000000 1614.987793 0.000000 0.284912 0.000000 0.958554 0.443973 0.443973 0.443973
2356.957275 0.000000 1615.012939 0.000000 0.917192 0.000000 -0.398445 0.847838 0.847838 0.847838
2339.889893 0.000000 1629.586304 0.000000 0.572851 0.000000 -0.819659 0.979378 0.979378 0.979378
2354.590088 0.000000 1606.026978 0.000000 0.353045 0.000000 0.935606 0.461140 0.461140 0.461140
2343.055176 0.000000 1600.077881 0.000000 0.165039 0.000000 -0.986287 1.085419 1.085419 1.085419
2331.058350 0.000000 1657.622070 0.000000 0.887442 0.000000 -0.460920 0.864360 0.864360 0.864360
2333.036133 0.000000 1632.858887 0.000000 0.891626 0.000000 0.452773 0.637826 0.637826 0.637826
2341.130371 0.000000 1646.223877 0.000000 0.820447 0.000000 -0.571723 0.895294 0.895294 0.895294
2347.977051 0.000000 1635.382324 0.000000 0.996660 0.000000 -0.081668 0.769518 0.769518 0.769518
2335.939941 0.000000 1656.701782 0.000000 0.974083 0.000000 -0.226191 0.804470 0.804470 0.804470
2337.163818 0.000000 1631.866699 0.000000 0.834077 0.000000 -0.551648 0.889500 0.889500 0.889500
2373.126465 0.000000 1614.231689 0.000000 0.928901 0.000000 0.370327 0.659434 0.659434 0.659434
2369.159912 0.000000 1599.874512 0.000000 0.872102 0.000000 -0.489324 0.872067 0.872067 0.872067
2388.684814 0.000000 1600.293701 0.000000 0.861043 0.000000 0.508532 0.622641 0.622641 0.622641
2372.356934 0.000000 1606.635864 0.000000 0.991645 0.000000 0.128999 0.719118 0.719118 0.719118
2377.716309 0.000000 1608.788696 0.000000 0.997492 0.000000 -0.070781 0.766912 0.766912 0.766912
2410.190186 0.000000 1629.132568 0.000000 0.288464 0.000000 0.957491 0.444858 0.444858 0.444858
2423.202148 0.000000 1609.312500 0.000000 0.925490 0.000000 -0.378773 0.842740 0.842740 0.842740
2405.122559 0.000000 1614.231689 0.000000 0.347371 0.000000 -0.937728 1.040306 1.040306 1.040306
2411.969238 0.000000 1603.390137 0.000000 0.491290 0.000000 0.870996 0.497606 0.497606 0.497606
2416.173096 0.000000 1618.505615 0.000000 0.386729 0.000000 0.922194 0.469796 0.469796 0.469796
2399.932129 0.000000 1624.709595 0.000000 0.998871 0.000000 0.047510 0.738653 0.738653 0.738653
2415.202393 0.000000 1610.645996 0.000000 0.671877 0.000000 -0.740663 0.949116 0.949116 0.949116
2407.591064 0.000000 1621.803345 0.000000 0.058948 0.000000 0.998261 0.389081 0.389081 0.389081
2411.122559 0.000000 1614.987793 0.000000 0.612864 0.000000 0.790188 0.532487 0.532487 0.532487
2403.882080 0.000000 1629.586304 0.000000 0.424885 0.000000 -0.905248 1.020236 1.020236 1.020236
2378.194092 0.000000 1661.124756 0.000000 0.931440 0.000000 0.363894 0.661085 0.661085 0.661085
2399.464111 0.000000 1639.936035 0.000000 0.998980 0.000000 -0.045165 0.760786 0.760786 0.760786
2397.028320 0.000000 1632.858887 0.000000 0.675000 0.000000 -0.737818 0.948108 0.948108 0.948108
2390.554688 0.000000 1652.504517 0.000000 0.460510 0.000000 0.887655 0.489250 0.489250 0.489250
2382.862305 0.000000 1656.836914 0.000000 0.265658 0.000000 -0.964067 1.060808 1.060808 1.060808
2388.953369 0.000000 1647.005127 0.000000 0.920638 0.000000 0.390417 0.654248 0.654248 0.654248
2314.201904 0.000000 1693.116943 0.000000 0.248892 0.000000 0.968531 0.435050 0.435050 0.435050
2327.213867 0.000000 1673.296875 0.000000 0.985875 0.000000 -0.167485 0.790173 0.790173 0.790173
2315.980957 0.000000 1667.374512 0.000000 0.952882 0.000000 -0.303341 0.823577 0.823577 0.823577
2324.692627 0.000000 1664.278076 0.000000 0.795133 0.000000 0.606435 0.594449 0.594449 0.594449
2308.364746 0.000000 1670.620239 0.000000 0.044198 0.000000 -0.999023 1.114445 1.114445 1.114445
2333.036133 0.000000 1664.851074 0.000000 0.338627 0.000000 0.940921 0.457472 0.457472 0.457472
2313.724121 0.000000 1672.773071 0.000000 0.998581 0.000000 0.053246 0.737283 0.737283 0.737283
2324.961182 0.000000 1678.997314 0.000000 0.990770 0.000000 0.135553 0.717539 0.717539 0.717539
2346.197998 0.000000 1693.116943 0.000000 0.959814 0.000000 -0.280637 0.817909 0.817909 0.817909
2359.209961 0.000000 1673.296875 0.000000 0.239055 0.000000 -0.971006 1.067372 1.067372 1.067372
2352.180908 0.000000 1682.489990 0.000000 0.998886 0.000000 0.047195 0.738729 0.738729 0.738729
2364.147949 0.000000 1680.698364 0.000000 0.851561 0.000000 0.524256 0.618258 0.618258 0.618258
2367.468018 0.000000 1671.928223 0.000000 0.968654 0.000000 -0.248413 0.809932 0.809932 0.809932
2350.866211 0.000000 1688.829102 0.000000 0.251133 0.000000 -0.967953 1.064398 1.064398 1.064398
2356.957275 0.000000 1678.997314 0.000000 0.490369 0.000000 0.871515 0.497354 0.497354 0.497354
2314.201904 0.000000 1725.109131 0.000000 0.316941 0.000000 -0.948445 1.048008 1.048008 1.048008
2315.980957 0.000000 1699.366699 0.000000 0.359039 0.000000 0.933323 0.462671 0.462671 0.462671
2320.184814 0.000000 1714.482178 0.000000 0.775345 0.000000 0.631538 0.586818 0.586818 0.586818
2303.943848 0.000000 1720.686157 0.000000 0.946699 0.000000 0.322120 0.671703 0.671703 0.671703
2305.167725 0.000000 1695.851074 0.000000 0.994672 0.000000 0.103089 0.725346 0.725346 0.725346
2308.364746 0.000000 1702.612427 0.000000 0.997894 0.000000 0.064871 0.734502 0.734502 0.734502
2318.870117 0.000000 1720.821289 0.000000 0.418405 0.000000 -0.908261 1.021942 1.021942 1.021942
2307.893799 0.000000 1725.562866 0.000000 0.757611 0.000000 0.652707 0.580225 0.580225 0.580225
2310.697021 0.000000 1722.210571 0.000000 0.203088 0.000000 0.979160 0.423823 0.423823 0.423823
2379.973145 0.000000 1667.374512 0.000000 0.396714 0.000000 0.917942 0.472387 0.472387 0.472387
2369.159912 0.000000 1663.858887 0.000000 0.855896 0.000000 -0.517148 0.879755 0.879755 0.879755
2372.356934 0.000000 1670.620239 0.000000 0.807690 0.000000 -0.589607 0.900538 0.900538 0.900538
2305.167725 0.000000 1727.843262 0.000000 0.868888 0.000000 -0.495009 0.873626 0.873626 0.873626
3466.061279 0.000000 1533.156006 0.000000 0.271272 0.000000 0.962503 0.440583 0.440583 0.440583
3463.462158 0.000000 1525.826782 0.000000 0.999607 0.000000 -0.028018 0.756690 0.756690 0.756690
3450.921631 0.000000 1561.645508 0.000000 0.995579 0.000000 -0.093933 0.772458 0.772458 0.772458
3447.077148 0.000000 1577.320312 0.000000 0.771534 0.000000 -0.636188 0.914617 0.914617 0.914617
3440.048096 0.000000 1586.513428 0.000000 0.903215 0.000000 -0.429189 0.855900 0.855900 0.855900
3438.733398 0.000000 1592.852539 0.000000 0.496171 0.000000 0.868225 0.498946 0.498946 0.498946
3444.824463 0.000000 1583.020752 0.000000 0.141011 0.000000 0.990008 0.408776 0.408776 0.408776
3443.047119 0.000000 1591.867920 0.000000 0.518429 0.000000 0.855121 0.505112 0.505112 0.505112
3443.550781 0.000000 1586.242188 0.000000 0.986842 0.000000 0.161690 0.711229 0.711229 0.711229
3440.252197 0.000000 1589.879028 0.000000 0.977525 0.000000 0.210820 0.699290 0.699290 0.699290
3447.077148 0.000000 1609.312500 0.000000 0.875890 0.000000 0.482511 0.629794 0.629794 0.629794
3451.772217 0.000000 1611.472168 0.000000 0.999537 0.000000 0.030433 0.742734 0.742734 0.742734
3457.027100 0.000000 1567.882324 0.000000 0.815951 0.000000 -0.578121 0.897160 0.897160 0.897160
3516.007324 0.000000 1616.713989 0.000000 0.235091 0.000000 0.971973 0.431654 0.431654 0.431654
3524.985840 0.000000 1614.231689 0.000000 0.007593 0.000000 0.999971 0.376813 0.376813 0.376813
3524.216309 0.000000 1606.635864 0.000000 0.391139 0.000000 0.920332 0.470939 0.470939 0.470939
3519.857666 0.000000 1617.978394 0.000000 0.964408 0.000000 -0.264419 0.813885 0.813885 0.813885
3530.985840 0.000000 1614.987793 0.000000 0.413619 0.000000 -0.910450 1.023198 1.023198 1.023198
3529.575684 0.000000 1608.788696 0.000000 0.602433 0.000000 -0.798169 0.970648 0.970648 0.970648
3519.892822 0.000000 1612.912598 0.000000 0.996517 0.000000 0.083395 0.730068 0.730068 0.730068
3447.077148 0.000000 1673.296875 0.000000 0.396951 0.000000 -0.917840 1.027551 1.027551 1.027551
3455.335205 0.000000 1671.928223 0.000000 0.013028 0.000000 0.999915 0.378110 0.378110 0.378110
3452.899414 0.000000 1664.851074 0.000000 0.729625 0.000000 0.683848 0.570229 0.570229 0.570229
3448.364258 0.000000 1668.073120 0.000000 0.914013 0.000000 -0.405685 0.849725 0.849725 0.849725
3450.950439 0.000000 1671.395508 0.000000 0.964310 0.000000 -0.264777 0.813974 0.813974 0.813974
3482.917725 0.000000 1721.606445 0.000000 0.251967 0.000000 0.967736 0.435808 0.435808 0.435808
3486.269287 0.000000 1725.472412 0.000000 0.827811 0.000000 0.561006 0.607811 0.607811 0.607811
3487.799316 0.000000 1720.686157 0.000000 0.916933 0.000000 0.399041 0.652007 0.652007 0.652007
3484.011230 0.000000 1744.682739 0.000000 0.342918 0.000000 -0.939366 1.041439 1.041439 1.041439
3484.021973 0.000000 1749.184448 0.000000 0.926991 0.000000 0.375083 0.658211 0.658211 0.658211
3504.040283 0.000000 1746.474365 0.000000 0.274168 0.000000 -0.961682 1.058698 1.058698 1.058698
3587.737549 0.000000 1821.539429 0.000000 0.997161 0.000000 -0.075293 0.767992 0.767992 0.767992
3585.011475 0.000000 1823.819824 0.000000 0.057068 0.000000 0.998370 0.388631 0.388631 0.388631
3642.898193 0.000000 1881.567383 0.000000 0.883676 0.000000 -0.468099 0.866296 0.866296 0.866296
3636.027100 0.000000 1884.617188 0.000000 0.858777 0.000000 -0.512350 0.878419 0.878419 0.878419
3646.249756 0.000000 1885.433350 0.000000 0.703460 0.000000 0.710735 0.561272 0.561272 0.561272
3627.875000 0.000000 1876.555786 0.000000 0.884491 0.000000 0.466558 0.634120 0.634120 0.634120
3643.991699 0.000000 1904.643677 0.000000 0.977680 0.000000 0.210100 0.699466 0.699466 0.699466
3631.053955 0.000000 1898.575684 0.000000 0.719011 0.000000 0.694999 0.566554 0.566554 0.566554
3644.875977 0.000000 1888.796387 0.000000 0.108633 0.000000 -0.994082 1.099015 1.099015 1.099015
3638.402344 0.000000 1908.442017 0.000000 0.725213 0.000000 -0.688524 0.931306 0.931306 0.931306
3634.433838 0.000000 1893.956665 0.000000 0.826263 0.000000 0.563285 0.607153 0.607153 0.607153
3658.037842 0.000000 1885.070068 0.000000 0.257220 0.000000 -0.966353 1.062895 1.062895 1.062895
3674.894287 0.000000 1881.567383 0.000000 0.285315 0.000000 -0.958434 1.055926 1.055926 1.055926
3668.023193 0.000000 1884.617188 0.000000 0.656976 0.000000 -0.753911 0.953876 0.953876 0.953876
3651.729736 0.000000 1885.523804 0.000000 0.032545 0.000000 -0.999470 1.117229 1.117229 1.117229
3663.081299 0.000000 1886.585327 0.000000 0.532574 0.000000 0.846383 0.509081 0.509081 0.509081
3678.245850 0.000000 1885.433350 0.000000 0.043767 0.000000 -0.999042 1.114548 1.114548 1.114548
3647.619873 0.000000 1885.104004 0.000000 0.903720 0.000000 0.428124 0.644381 0.644381 0.644381
3675.437744 0.000000 1884.384399 0.000000 0.967725 0.000000 0.252007 0.689182 0.689182 0.689182
3675.232666 0.000000 1886.885132 0.000000 0.561207 0.000000 0.827675 0.517247 0.517247 0.517247
3671.049805 0.000000 1897.242188 0.000000 0.642496 0.000000 0.766289 0.541576 0.541576 0.541576
3659.816895 0.000000 1891.319824 0.000000 0.849186 0.000000 -0.528094 0.882820 0.882820 0.882820
3668.528564 0.000000 1888.223389 0.000000 0.618977 0.000000 0.785409 0.534339 0.534339 0.534339
3655.438721 0.000000 1909.733032 0.000000 0.739235 0.000000 -0.673447 0.926390 0.926390 0.926390
3662.706055 0.000000 1912.774414 0.000000 0.269648 0.000000 0.962959 0.440180 0.440180 0.440180
3668.797119 0.000000 1902.942627 0.000000 0.480058 0.000000 -0.877236 1.005462 1.005462 1.005462
3663.320312 0.000000 1887.669800 0.000000 0.537309 0.000000 0.843386 0.510419 0.510419 0.510419
3651.046631 0.000000 1909.031128 0.000000 0.710308 0.000000 -0.703891 0.936417 0.936417 0.936417
3690.033936 0.000000 1917.062256 0.000000 0.802843 0.000000 -0.596190 0.902490 0.902490 0.902490
3706.890381 0.000000 1913.559570 0.000000 0.149523 0.000000 0.988758 0.410830 0.410830 0.410830
3704.826904 0.000000 1917.772827 0.000000 0.324708 0.000000 -0.945814 1.046050 1.046050 1.046050
3639.053711 0.000000 1929.234375 0.000000 0.999895 0.000000 -0.014480 0.753457 0.753457 0.753457
3647.311768 0.000000 1927.865723 0.000000 0.869942 0.000000 -0.493155 0.873117 0.873117 0.873117
3634.433838 0.000000 1925.948853 0.000000 0.778481 0.000000 -0.627668 0.911993 0.911993 0.911993
3640.340820 0.000000 1924.010620 0.000000 0.666254 0.000000 0.745725 0.549078 0.549078 0.549078
3642.927002 0.000000 1927.333008 0.000000 0.146589 0.000000 0.989197 0.410122 0.410122 0.410122
3652.970215 0.000000 1934.153564 0.000000 0.463973 0.000000 0.885850 0.490182 0.490182 0.490182
3659.816895 0.000000 1923.312012 0.000000 0.999577 0.000000 -0.029075 0.756942 0.756942 0.756942
3668.528564 0.000000 1920.215576 0.000000 0.993611 0.000000 -0.112855 0.777000 0.777000 0.777000
3652.200684 0.000000 1926.557739 0.000000 0.271382 0.000000 0.962472 0.440611 0.440611 0.440611
3658.970215 0.000000 1934.909668 0.000000 0.789457 0.000000 -0.613806 0.907772 0.907772 0.907772
3655.767578 0.000000 1924.463379 0.000000 0.871441 0.000000 0.490501 0.627610 0.627610 0.627610
3690.033936 0.000000 1949.054443 0.000000 0.228246 0.000000 -0.973603 1.070026 1.070026 1.070026
3708.868164 0.000000 1920.788574 0.000000 0.968542 0.000000 0.248852 0.689960 0.689960 0.689960
3698.426025 0.000000 1925.948853 0.000000 0.995838 0.000000 -0.091138 0.771788 0.771788 0.771788
3695.077393 0.000000 1950.569702 0.000000 0.322905 0.000000 -0.946431 1.046505 1.046505 1.046505
3710.241943 0.000000 1949.417725 0.000000 0.890422 0.000000 0.455136 0.637193 0.637193 0.637193
3704.811279 0.000000 1919.696533 0.000000 0.577991 0.000000 0.816043 0.522122 0.522122 0.522122
3703.045898 0.000000 1961.226562 0.000000 0.795388 0.000000 0.606101 0.594549 0.594549 0.594549
3706.890381 0.000000 1977.543945 0.000000 0.229997 0.000000 0.973191 0.430404 0.430404 0.430404
3696.016846 0.000000 1970.419678 0.000000 0.769842 0.000000 0.638235 0.584749 0.584749 0.584749
3694.702148 0.000000 1976.758789 0.000000 0.966168 0.000000 -0.257915 0.812277 0.812277 0.812277
3698.426025 0.000000 1957.941040 0.000000 0.669658 0.000000 -0.742669 0.949830 0.949830 0.949830
3695.316406 0.000000 1951.654175 0.000000 0.382180 0.000000 0.924088 0.468620 0.468620 0.468620
3711.771973 0.000000 1944.631470 0.000000 0.710296 0.000000 0.703903 0.563579 0.563579 0.563579
3722.030029 0.000000 1981.046631 0.000000 0.389176 0.000000 -0.921163 1.029570 1.029570 1.029570
3735.041992 0.000000 1961.226562 0.000000 0.988710 0.000000 0.149839 0.714093 0.714093 0.714093
3711.771973 0.000000 1976.623657 0.000000 0.983176 0.000000 0.182658 0.706147 0.706147 0.706147
3726.698242 0.000000 1976.758789 0.000000 0.364025 0.000000 -0.931389 1.036052 1.036052 1.036052
3742.238037 0.000000 1981.409912 0.000000 0.887781 0.000000 0.460267 0.635815 0.635815 0.635815
3715.894531 0.000000 1954.493408 0.000000 0.529132 0.000000 -0.848540 0.991888 0.991888 0.991888
3743.830322 0.000000 1969.892456 0.000000 0.014266 0.000000 0.999898 0.378406 0.378406 0.378406
3747.718018 0.000000 1981.500366 0.000000 0.928599 0.000000 0.371084 0.659240 0.659240 0.659240
3774.234131 0.000000 1981.409912 0.000000 0.213984 0.000000 -0.976837 1.073517 1.073517 1.073517
3775.764160 0.000000 1976.623657 0.000000 0.977686 0.000000 0.210071 0.699473 0.699473 0.699473
3779.714111 0.000000 1981.500366 0.000000 0.997603 0.000000 0.069196 0.733468 0.733468 0.733468
3775.604248 0.000000 1981.080566 0.000000 0.314375 0.000000 0.949299 0.451346 0.451346 0.451346
3728.012939 0.000000 2002.411865 0.000000 0.308366 0.000000 -0.951268 1.050163 1.050163 1.050163
3727.042236 0.000000 1994.552246 0.000000 0.915387 0.000000 -0.402576 0.848914 0.848914 0.848914
3732.015381 0.000000 2012.585938 0.000000 0.981470 0.000000 -0.191615 0.796029 0.796029 0.796029
3734.390625 0.000000 2004.418579 0.000000 0.568111 0.000000 0.822952 0.519244 0.519244 0.519244
3722.962402 0.000000 1998.894043 0.000000 0.382293 0.000000 0.924041 0.468649 0.468649 0.468649
3754.026123 0.000000 2013.038818 0.000000 0.963909 0.000000 -0.266233 0.814334 0.814334 0.814334
3767.038086 0.000000 1993.218750 0.000000 0.905163 0.000000 -0.425064 0.854811 0.854811 0.854811
3744.991943 0.000000 1983.780762 0.000000 0.953061 0.000000 0.302780 0.676564 0.676564 0.676564
3772.860352 0.000000 1984.772949 0.000000 0.420842 0.000000 0.907134 0.478699 0.478699 0.478699
3743.830322 0.000000 2001.884644 0.000000 0.959440 0.000000 -0.281913 0.818227 0.818227 0.818227
3759.069580 0.000000 2014.554077 0.000000 0.628679 0.000000 0.777665 0.537303 0.537303 0.537303
3771.733154 0.000000 1995.378418 0.000000 0.857500 0.000000 0.514484 0.620988 0.620988 0.620988
3743.865479 0.000000 1996.818848 0.000000 0.981345 0.000000 -0.192252 0.796184 0.796184 0.796184
3755.859375 0.000000 2004.524536 0.000000 0.983708 0.000000 -0.179772 0.793152 0.793152 0.793152
3770.911377 0.000000 1991.317383 0.000000 0.124141 0.000000 -0.992265 1.095287 1.095287 1.095287
3732.520752 0.000000 2016.192139 0.000000 0.199915 0.000000 0.979813 0.423050 0.423050 0.423050
3748.958496 0.000000 2030.130127 0.000000 0.799209 0.000000 0.601053 0.596061 0.596061 0.596061
3760.009033 0.000000 2034.404053 0.000000 0.665176 0.000000 0.746686 0.548733 0.548733 0.548733
3744.991943 0.000000 2015.772949 0.000000 0.001499 0.000000 -0.999999 1.124642 1.124642 1.124642
3764.516846 0.000000 2016.192139 0.000000 0.982634 0.000000 -0.185556 0.794556 0.794556 0.794556
3758.694336 0.000000 2040.743164 0.000000 0.164514 0.000000 0.986375 0.414454 0.414454 0.414454
3753.548340 0.000000 2024.687134 0.000000 0.888255 0.000000 0.459351 0.636062 0.636062 0.636062
3759.308594 0.000000 2015.638550 0.000000 0.217990 0.000000 0.975951 0.427463 0.427463 0.427463
3747.890625 0.000000 2018.477783 0.000000 0.110447 0.000000 0.993882 0.401421 0.401421 0.401421
3786.022217 0.000000 2013.038818 0.000000 0.950322 0.000000 -0.311268 0.825565 0.825565 0.825565
3776.988037 0.000000 1983.780762 0.000000 0.999358 0.000000 0.035819 0.741447 0.741447 0.741447
3791.065674 0.000000 2014.554077 0.000000 0.958879 0.000000 -0.283816 0.818700 0.818700 0.818700
3777.193604 0.000000 1993.019775 0.000000 0.142170 0.000000 -0.989842 1.090944 1.090944 1.090944
3799.034180 0.000000 2025.210938 0.000000 0.154827 0.000000 0.987942 0.412112 0.412112 0.412112
3791.304688 0.000000 2015.638550 0.000000 0.999151 0.000000 0.041208 0.740159 0.740159 0.740159
3795.288574 0.000000 2026.820557 0.000000 0.127428 0.000000 0.991848 0.405504 0.405504 0.405504
3819.797363 0.000000 2051.280762 0.000000 0.999872 0.000000 0.015978 0.746185 0.746185 0.746185
3824.001221 0.000000 2066.396240 0.000000 0.218327 0.000000 -0.975876 1.072455 1.072455 1.072455
3815.419189 0.000000 2069.694092 0.000000 0.986727 0.000000 0.162390 0.711060 0.711060 0.711060
3817.540527 0.000000 2056.679199 0.000000 0.407171 0.000000 -0.913352 1.024886 1.024886 1.024886
3814.875488 0.000000 2047.968506 0.000000 0.936834 0.000000 -0.349775 0.835307 0.835307 0.835307
"}
