object={
	name="tree_olive_generator_1_0"
	clamp_to_water_level=no
	render_under_water=no
	generated_content=yes
	layer="tree_layer"
	pdxmesh="tree_olive_01_mesh"
	count=4
	transform="4147.964844 0.000000 2556.453125 0.000000 0.876692 0.000000 0.481052 0.630191 0.630191 0.630191
4150.991699 0.000000 2569.078125 0.000000 0.636871 0.000000 -0.770971 0.960171 0.960171 0.960171
4148.470215 0.000000 2560.059326 0.000000 0.085304 0.000000 -0.996355 1.104610 1.104610 1.104610
4152.715332 0.000000 2574.081055 0.000000 0.030922 0.000000 0.999522 0.382383 0.382383 0.382383
"}
